Healthy	Unhealthy	Background
112,144,105	205,184,131	11,15,16
117,149,110	203,182,125	9,14,17
118,148,110	204,183,126	8,13,17
101,125,89	183,159,99	7,12,18
96,122,87	185,159,100	7,12,16
95,119,85	182,153,95	11,17,15
89,116,83	188,164,120	13,17,16
96,123,90	192,165,122	13,17,18
94,123,92	196,169,126	18,17,22
101,129,91	201,182,150	16,17,19
110,137,102	201,182,150	18,22,21
107,137,101	198,179,146	13,17,16
109,134,102	187,174,80	13,17,18
107,132,100	184,174,76	14,18,19
112,137,105	185,175,78	15,16,18
108,139,107	159,116,74	7,11,14
119,150,118	166,123,80	7,11,14
108,139,107	175,137,92	11,12,16
111,138,105	201,195,73	14,14,16
106,133,100	198,196,75	15,15,17
104,131,98	200,197,80	10,14,17
110,142,105	204,183,128	10,15,18
112,142,104	204,183,126	9,14,18
113,145,106	205,184,127	8,13,19
99,125,90	184,158,97	8,13,17
96,123,88	184,158,97	9,15,15
93,120,85	183,154,94	10,14,15
90,117,84	187,160,115	12,13,15
95,124,93	189,162,117	14,15,19
93,122,91	192,165,118	12,16,19
110,136,101	201,182,150	18,20,19
125,151,116	201,185,152	16,18,17
125,152,117	195,179,146	15,16,18
112,139,104	187,177,80	16,17,19
110,137,104	187,179,80	16,16,18
112,139,106	186,178,79	8,12,15
103,133,99	161,117,72	7,11,14
110,140,106	166,124,76	8,12,15
110,140,106	175,135,86	12,13,17
116,146,112	200,196,70	14,15,19
100,129,98	200,196,73	10,14,17
94,121,90	201,196,78	9,14,17
105,135,101	203,182,127	9,14,18
103,133,97	204,183,128	10,13,20
100,130,94	206,185,130	9,12,17
95,121,86	187,161,100	8,14,14
93,120,85	186,160,99	9,13,14
94,121,86	186,157,97	12,13,15
91,117,88	190,162,115	12,13,17
97,126,96	191,163,116	12,16,19
97,126,95	193,165,117	14,16,15
108,134,99	199,180,148	15,17,16
123,148,116	197,180,150	14,15,17
127,154,121	193,176,146	15,16,18
113,140,105	188,178,81	15,15,17
109,136,103	188,180,81	8,12,15
111,138,105	188,180,82	8,12,15
101,128,95	169,122,78	8,12,15
102,132,98	170,126,79	12,13,17
103,133,99	176,136,87	13,14,18
107,137,103	200,196,70	8,14,14
94,123,92	197,193,68	8,13,16
91,118,87	198,193,73	9,14,18
91,114,94	183,164,131	8,15,21
83,105,84	184,161,127	7,15,18
74,96,73	184,160,126	5,13,15
108,125,106	166,142,106	9,13,14
103,122,103	168,144,108	13,14,16
101,119,103	169,145,109	12,16,19
128,142,127	200,178,141	13,17,18
117,131,116	199,177,140	13,15,14
105,122,106	196,174,135	14,14,16
108,126,104	192,182,85	14,14,16
106,124,102	194,184,86	15,15,17
105,120,99	195,186,91	15,15,17
80,107,76	206,192,157	8,13,16
78,105,72	203,189,154	8,13,16
79,109,73	201,187,152	7,12,15
107,128,97	164,142,69	9,13,16
103,124,93	167,144,74	13,14,18
108,129,98	167,144,74	8,14,14
138,147,126	169,145,75	8,13,16
132,142,117	172,148,78	9,14,18
106,117,87	175,151,79	9,16,22
80,108,85	189,168,137	9,17,20
75,101,76	187,164,130	5,13,15
68,92,66	186,162,128	9,13,14
102,119,101	168,142,105	13,14,16
104,122,106	166,142,104	12,16,19
104,125,108	166,142,104	13,17,18
117,131,116	199,177,140	12,14,13
111,125,112	198,174,136	13,13,15
105,121,108	196,172,134	14,14,16
100,119,97	192,184,86	16,16,18
97,119,96	194,185,92	16,16,18
100,119,97	194,187,97	9,14,17
74,101,68	204,190,155	9,14,17
75,102,67	201,188,153	8,13,16
78,108,72	201,188,153	9,13,16
113,132,104	164,142,69	12,13,17
112,132,104	166,142,72	2,8,6
112,131,103	167,144,74	4,10,10
133,142,121	173,146,75	5,11,11
126,136,112	176,149,78	4,8,11
116,129,101	180,154,80	4,8,9
74,102,77	189,168,137	12,13,18
69,95,70	191,168,134	12,13,17
75,99,73	186,162,128	15,14,19
94,111,93	173,147,110	17,15,18
101,119,103	170,144,107	17,16,21
106,127,110	166,140,103	13,19,17
109,123,108	196,174,137	13,22,19
104,118,105	196,172,134	16,25,20
100,116,103	196,172,134	22,32,24
94,113,91	191,183,85	26,36,28
93,115,92	194,185,94	16,14,17
96,115,93	191,184,96	13,13,15
71,98,65	203,189,154	13,13,15
77,104,69	200,187,152	13,12,17
77,107,71	203,190,155	13,12,17
123,142,114	162,140,67	13,14,18
119,139,111	167,143,73	11,12,14
112,131,103	168,145,75	9,10,12
133,142,121	175,148,77	7,11,12
120,130,106	177,150,79	7,11,12
118,131,103	181,155,81	4,8,7
113,139,102	174,171,66	3,9,7
120,146,109	176,173,70	5,9,10
125,151,114	178,174,75	6,10,11
119,150,116	197,171,134	7,11,10
103,134,100	195,167,128	10,13,18
94,126,89	198,169,129	13,14,18
118,143,113	203,175,110	14,15,19
110,135,105	205,177,114	19,17,20
109,134,105	205,179,118	20,19,24
69,94,62	202,186,152	16,20,19
46,73,38	203,187,153	18,24,20
46,76,42	204,189,156	18,28,20
47,87,34	168,144,72	23,30,23
50,90,37	165,141,71	25,32,24
54,94,41	163,139,69	13,13,13
74,107,60	153,135,99	11,11,13
82,118,72	153,135,99	12,12,14
90,125,83	156,138,102	13,12,17
126,167,99	168,160,51	12,11,16
127,168,102	169,162,56	12,11,16
122,164,98	171,162,57	11,10,15
67,121,35	177,172,70	11,11,13
67,123,36	180,175,75	10,11,13
68,124,37	181,175,79	7,11,12
116,140,106	197,172,132	4,8,7
121,147,112	196,168,128	3,9,7
128,154,119	198,169,129	5,9,10
122,156,123	209,181,118	6,10,11
109,143,108	211,182,122	6,10,9
92,126,89	213,184,126	10,13,18
110,135,105	204,188,154	13,14,18
105,132,101	202,187,154	14,15,19
109,134,104	204,189,156	19,17,20
75,102,69	169,145,71	21,20,25
63,90,57	165,141,67	17,21,20
49,79,45	161,137,65	20,26,22
47,88,32	150,132,96	20,30,22
49,90,34	151,133,95	22,29,22
55,96,40	155,137,101	22,29,21
69,102,55	165,158,51	13,13,13
79,112,67	167,160,54	11,11,13
87,119,78	170,163,57	12,12,14
107,146,79	180,174,76	13,12,17
105,146,80	183,177,81	12,11,16
107,149,85	184,177,86	12,11,16
65,121,32	198,170,131	12,11,16
67,123,34	195,166,126	11,10,15
66,125,35	196,164,125	10,11,15
113,137,103	215,186,126	7,11,14
120,146,111	217,188,130	4,8,7
120,146,111	220,191,135	3,9,7
121,154,123	206,190,156	4,8,7
111,145,112	204,189,156	6,8,7
104,138,105	203,188,155	7,9,8
109,134,104	168,144,70	9,13,16
105,132,101	164,140,66	9,13,16
107,132,102	161,137,65	10,14,17
89,116,85	149,131,95	15,16,20
82,109,76	151,133,95	18,19,23
51,81,47	155,137,101	18,20,19
48,89,33	164,157,50	19,24,20
51,92,36	166,159,55	21,28,21
59,100,44	167,160,56	21,28,20
65,98,51	134,116,18	21,28,20
71,104,59	137,114,18	12,12,12
77,109,68	136,113,17	11,11,11
89,128,63	150,131,36	12,12,14
87,128,62	147,131,36	13,13,15
88,130,64	148,129,34	12,12,14
66,122,33	152,114,67	13,14,16
67,123,34	155,117,72	13,13,15
65,124,34	154,116,71	11,12,14
116,146,108	192,182,84	10,11,15
121,148,115	193,183,85	8,12,15
129,154,122	195,185,88	5,9,8
52,96,45	180,192,66	6,12,10
51,95,42	178,189,67	6,10,9
52,97,42	180,192,68	7,9,8
80,124,75	196,184,158	7,9,8
82,124,78	194,183,155	8,12,15
84,123,78	188,177,149	8,12,15
65,109,50	160,147,55	9,13,16
58,102,43	160,150,55	13,14,18
54,98,39	160,150,53	16,17,21
89,134,77	136,116,19	16,18,17
93,138,83	137,115,16	17,22,18
95,139,86	134,112,13	20,27,20
34,76,30	150,131,37	21,28,21
34,76,30	150,131,36	21,28,21
32,74,26	149,130,35	12,12,12
110,140,102	153,117,69	13,13,13
116,143,108	154,117,72	13,13,15
125,152,121	152,115,70	13,13,15
49,96,42	192,182,85	13,13,15
48,97,42	191,181,83	13,14,16
50,97,42	194,184,87	13,13,15
91,133,87	181,192,70	10,11,13
91,133,87	180,191,71	9,10,14
89,128,84	182,193,71	8,12,15
61,110,45	194,183,155	12,13,17
57,103,39	192,181,151	11,12,17
54,100,38	188,177,147	9,13,16
84,129,74	160,150,53	8,13,16
89,133,80	158,148,51	7,12,15
88,132,81	160,150,55	25,24,22
31,73,27	135,115,18	23,22,18
30,72,26	137,115,16	23,22,20
30,72,26	136,114,15	24,25,20
111,141,103	152,131,38	26,27,21
115,142,107	151,132,37	51,39,27
123,150,119	153,134,39	48,35,26
47,94,40	156,120,72	44,34,25
47,96,41	154,117,72	38,29,24
50,97,42	149,112,67	32,24,21
95,137,91	191,181,84	12,16,17
95,134,90	191,181,83	10,15,18
89,126,83	192,182,85	10,16,16
57,106,41	184,195,77	11,15,16
57,103,39	183,193,78	11,15,16
58,104,42	184,195,77	12,13,17
81,126,71	193,179,152	12,13,17
85,129,76	194,179,150	9,13,16
84,128,77	191,176,147	8,12,15
29,71,25	158,148,53	8,12,15
28,70,24	156,146,49	22,23,18
29,71,25	158,148,53	19,21,18
101,130,102	157,146,124	19,21,18
101,130,102	152,141,119	21,23,20
96,125,95	149,138,116	26,27,22
110,140,104	195,171,135	51,37,26
104,134,98	195,169,136	49,37,25
90,118,80	193,167,132	46,36,26
36,66,32	217,199,159	42,33,26
42,72,38	216,196,159	36,29,23
44,74,40	216,196,159	15,16,20
69,108,63	203,190,94	11,16,19
64,103,58	205,193,95	12,16,19
58,97,50	208,194,97	11,15,18
44,71,54	169,164,82	10,14,17
34,61,44	172,167,85	12,13,17
23,50,35	172,167,85	12,13,17
43,81,42	174,163,74	9,13,16
44,82,45	176,164,78	8,12,15
41,78,45	177,167,82	8,12,15
30,72,26	113,85,35	21,22,17
32,71,26	113,87,36	20,22,19
33,72,27	113,87,36	20,22,21
103,132,102	159,151,130	21,23,20
96,125,95	155,147,126	24,25,20
86,115,84	148,140,119	49,35,24
93,123,85	194,168,133	51,34,24
90,120,82	194,168,133	50,36,27
83,114,73	194,168,133	47,34,28
34,64,26	217,198,156	43,32,28
38,68,30	217,198,158	13,14,19
37,67,29	215,196,154	11,16,19
60,100,50	203,189,90	12,16,19
55,95,45	205,193,95	11,15,18
48,86,35	208,194,97	11,15,18
50,74,58	167,162,80	13,17,20
37,61,45	170,165,83	12,16,19
25,49,33	170,165,84	11,15,18
44,80,42	176,163,71	9,13,16
43,79,43	177,163,74	9,13,16
41,78,45	177,165,79	20,19,17
32,71,24	113,88,34	20,20,18
32,71,24	114,89,35	21,23,20
34,73,28	115,90,36	23,24,18
107,136,108	159,151,130	24,25,17
99,128,98	153,145,124	50,33,25
95,124,94	147,139,120	50,33,23
78,108,70	193,167,134	50,36,27
78,108,70	193,167,132	48,35,27
77,108,67	194,168,133	45,34,28
28,58,20	219,200,158	10,14,17
33,63,25	218,196,155	11,15,18
35,65,27	216,194,153	13,14,18
50,90,40	203,189,90	13,14,18
47,87,37	204,192,94	10,14,17
44,82,31	207,193,96	17,21,24
51,75,61	167,162,81	15,19,22
41,65,49	168,163,82	13,17,20
29,53,37	169,164,83	11,15,18
44,80,44	176,163,71	11,15,18
45,80,47	177,163,74	18,17,15
43,80,49	176,165,76	19,19,17
31,70,25	114,89,35	21,23,20
32,71,26	115,90,36	24,25,19
33,72,28	117,92,38	25,26,18
139,170,128	99,94,72	48,31,23
125,156,112	100,92,71	49,32,22
123,154,110	99,88,68	51,34,26
113,149,79	111,108,93	49,34,27
118,155,85	98,94,82	48,35,29
116,153,84	91,85,73	8,13,16
123,154,97	202,183,125	11,12,16
125,156,99	203,182,129	11,12,16
129,160,101	207,186,141	12,13,17
68,115,35	159,142,114	10,14,17
69,116,36	164,148,115	18,22,23
71,118,38	168,149,116	19,23,26
105,144,91	205,191,152	21,22,26
102,140,89	203,190,146	23,24,29
102,141,88	201,187,142	27,30,35
117,149,108	106,97,88	19,18,16
124,160,116	97,92,86	27,23,22
121,157,113	89,84,80	38,33,27
122,153,111	140,132,85	77,69,56
119,150,108	136,123,78	107,96,78
120,153,110	133,120,76	15,15,13
88,120,96	96,96,68	12,12,12
86,119,92	97,91,65	12,12,12
91,124,97	98,87,65	14,14,14
137,168,124	109,110,96	16,16,16
131,162,118	102,98,87	9,10,14
122,153,109	94,88,76	8,12,15
107,148,72	204,185,129	8,12,15
107,145,72	203,185,135	10,11,15
102,139,69	208,191,147	10,11,15
133,162,108	167,150,122	12,18,14
125,154,98	171,155,122	15,19,22
131,160,104	171,152,119	15,19,22
70,119,40	204,192,152	18,21,26
72,121,40	204,191,149	22,26,29
72,121,40	200,187,143	20,19,15
102,141,86	106,96,87	28,24,21
102,139,85	96,89,81	46,39,31
101,138,84	90,81,74	88,79,64
119,155,109	135,131,86	127,114,95
122,158,114	132,121,75	15,15,13
127,165,118	128,117,72	13,13,13
114,145,103	95,96,65	13,13,13
117,148,106	94,88,62	15,15,15
122,153,111	95,85,60	16,16,18
94,124,100	100,101,87	7,11,14
95,125,101	99,95,84	6,11,14
99,129,103	94,88,76	6,11,14
144,175,131	205,185,134	7,11,14
147,178,134	206,188,142	7,11,14
131,162,118	211,193,153	10,16,14
99,140,62	178,157,130	12,16,19
99,137,62	172,151,120	13,17,20
106,144,71	171,148,116	14,17,22
128,156,105	203,191,153	21,25,28
125,153,102	203,190,148	21,20,16
127,156,102	202,189,145	27,23,20
71,120,41	115,100,93	47,40,32
75,124,43	105,94,88	96,87,70
77,126,45	94,83,77	138,126,104
106,143,89	132,127,87	16,16,14
105,142,88	131,124,78	15,15,15
101,138,84	127,118,75	15,15,15
123,156,111	213,208,170	15,15,15
119,155,111	210,202,163	17,17,19
123,161,114	211,203,164	7,11,14
109,140,96	219,203,143	5,10,13
110,141,97	224,205,146	6,11,14
109,140,98	227,208,150	7,11,14
96,126,102	174,166,93	7,11,14
100,130,106	178,170,107	11,17,17
102,132,106	185,173,115	9,14,17
150,173,153	120,76,65	9,14,17
122,146,124	111,67,56	11,16,19
115,139,113	109,65,56	14,19,22
84,115,81	183,176,104	21,20,16
87,118,86	186,179,107	23,22,17
91,120,89	186,179,107	50,43,33
111,135,103	145,127,77	99,87,71
101,127,92	157,142,101	123,111,87
137,160,131	172,158,119	16,16,16
101,124,95	198,187,105	15,15,17
100,123,94	199,186,107	13,13,15
96,122,95	199,186,107	14,14,16
91,120,76	209,204,166	16,16,18
89,116,73	212,204,165	6,10,13
90,122,75	210,203,161	5,10,13
103,143,93	219,205,144	6,11,14
103,143,93	222,206,147	7,11,14
103,143,93	222,205,149	7,11,14
188,209,194	175,168,96	21,22,24
144,167,147	180,170,108	23,25,24
109,133,107	186,174,116	25,27,26
100,130,96	122,80,64	26,28,27
97,128,94	112,70,56	27,29,28
97,128,94	108,69,54	10,15,18
112,136,104	188,181,109	10,15,18
109,134,102	190,183,115	10,15,18
142,165,136	191,184,112	10,15,18
99,124,94	142,129,77	11,16,19
95,120,91	155,142,100	22,21,17
95,119,93	169,157,117	26,25,20
83,112,66	196,184,102	49,42,32
88,117,71	195,182,103	85,73,59
93,122,78	195,182,104	112,100,78
100,143,90	207,202,164	13,13,13
108,148,96	211,203,164	13,13,15
108,148,96	210,203,161	11,11,13
188,208,196	217,202,145	12,12,14
163,186,168	218,201,145	13,13,15
121,145,121	219,202,148	5,9,12
112,142,108	174,166,94	5,10,13
112,143,109	178,167,105	6,11,14
107,138,104	182,167,110	7,11,14
112,136,104	123,84,67	7,11,14
111,136,104	114,75,60	24,24,24
127,150,122	110,73,55	26,26,26
93,118,88	194,187,115	27,27,27
90,115,86	196,188,123	28,28,28
92,116,90	194,187,115	30,30,30
82,111,65	150,137,85	25,25,25
86,115,69	158,145,103	26,26,26
95,123,82	169,157,117	27,27,27
96,139,85	196,184,102	29,29,29
104,144,92	194,181,102	31,31,31
99,139,87	193,180,101	26,26,24
31,67,31	149,142,90	26,26,24
30,66,28	154,146,100	27,27,25
29,65,27	154,143,97	29,29,27
27,57,19	193,179,90	30,30,28
26,56,18	191,178,82	26,26,24
24,51,16	188,178,81	27,27,25
48,91,37	138,109,101	28,28,26
50,93,37	144,115,107	28,28,26
52,95,39	147,120,109	28,28,26
120,153,106	107,98,81	12,13,15
134,162,124	107,91,75	12,14,13
139,167,129	105,88,70	13,13,13
144,175,131	131,108,94	11,11,11
145,173,132	134,111,103	12,12,12
132,160,120	135,112,104	13,17,20
111,138,93	125,93,82	12,17,20
130,157,112	127,97,86	13,19,19
131,158,113	129,99,89	14,20,20
30,74,25	148,147,101	13,19,19
34,76,28	144,143,95	15,16,18
34,76,28	139,141,91	17,17,17
28,64,28	152,146,96	18,18,18
26,62,26	157,149,102	20,20,20
27,63,27	154,143,97	22,22,20
26,56,18	193,180,86	9,11,10
27,54,19	193,180,84	10,12,11
23,50,15	195,182,86	11,13,12
54,94,41	142,117,110	9,13,12
56,96,43	142,117,110	8,12,11
57,98,42	148,126,115	12,13,15
121,153,106	104,99,79	12,13,15
138,166,125	105,92,73	12,12,14
150,178,138	105,90,71	11,11,11
153,184,140	136,110,97	12,12,12
148,179,137	138,114,102	14,18,21
129,157,117	132,108,96	13,18,21
107,136,88	127,95,84	13,19,19
115,144,96	128,98,87	13,19,19
114,143,95	128,98,88	13,18,21
31,74,29	150,149,105	13,17,20
34,75,31	144,143,97	17,18,20
34,75,31	136,138,89	19,19,21
27,62,29	154,148,98	22,22,22
25,60,27	158,147,101	23,23,23
27,62,29	153,142,96	10,10,10
24,54,20	193,178,85	11,11,11
25,52,19	196,181,88	11,13,12
23,50,19	197,184,92	11,12,14
53,93,41	149,124,119	11,12,14
55,95,43	148,123,116	13,14,16
55,95,42	150,128,117	12,13,15
114,146,99	103,98,78	12,12,14
129,157,116	104,93,73	11,11,11
137,165,125	103,90,71	11,11,11
142,173,129	136,110,95	15,19,22
140,171,130	141,115,100	13,18,21
132,160,122	134,108,95	13,19,19
101,130,82	124,96,85	12,18,18
102,131,83	127,100,89	12,17,20
110,139,91	127,100,89	12,16,19
32,73,33	143,145,98	16,17,19
34,72,33	141,143,94	18,18,20
34,72,33	137,141,90	21,21,21
67,135,34	117,115,76	22,22,22
67,135,34	117,119,80	9,9,9
64,135,33	119,123,90	11,11,11
71,138,43	107,114,60	11,11,11
70,140,44	105,112,61	11,11,13
68,140,41	104,110,64	12,12,14
84,150,50	206,199,129	12,13,15
85,151,51	203,196,128	12,14,13
88,154,54	202,194,129	12,12,12
80,132,66	137,110,81	11,11,11
84,135,66	132,106,73	10,10,10
86,137,68	134,108,71	13,18,21
65,133,34	105,95,85	12,17,20
62,133,31	108,100,89	9,17,19
63,134,30	114,105,96	10,15,18
70,137,40	89,78,74	10,15,18
69,139,43	82,71,65	10,15,18
67,139,40	78,65,57	13,17,20
81,149,48	133,111,98	13,17,20
81,149,48	132,110,97	18,19,21
86,154,55	129,110,96	18,19,21
84,134,71	120,118,79	10,10,10
87,140,72	119,121,82	11,11,11
92,143,74	117,121,88	11,11,11
63,131,32	106,113,59	12,12,12
59,130,28	104,111,60	14,14,14
59,130,26	102,108,62	11,12,14
70,137,40	206,198,126	10,12,11
68,138,42	204,197,127	12,12,12
65,137,38	204,197,129	11,11,11
77,145,44	135,108,79	10,10,10
80,148,47	133,107,74	12,17,20
84,152,53	133,107,70	10,15,18
88,138,75	108,98,88	7,15,17
90,143,75	107,99,88	10,15,18
93,144,75	108,99,90	10,15,18
92,151,61	81,70,66	9,14,17
84,143,53	81,70,64	11,15,18
78,136,49	80,67,59	11,15,18
76,139,48	127,102,95	15,16,18
80,139,49	128,103,96	14,15,17
83,142,50	132,107,100	10,10,10
72,140,39	121,119,80	10,10,10
74,142,43	117,119,82	11,11,11
75,142,45	112,115,84	14,12,13
63,136,29	105,116,60	18,16,17
64,137,30	102,112,59	29,33,32
65,136,30	100,108,57	24,28,29
99,151,87	204,196,121	20,24,27
97,149,83	205,197,124	16,17,21
93,145,79	205,198,128	13,14,16
75,137,40	130,103,76	9,11,10
77,138,45	129,102,72	7,11,10
79,139,43	131,105,70	7,11,10
95,151,62	111,101,89	8,10,9
83,142,52	107,97,88	8,10,7
76,134,47	111,101,92	16,16,14
74,139,47	79,70,65	18,19,14
77,137,47	82,73,66	19,20,15
75,138,47	78,69,60	19,20,14
73,141,42	123,95,91	20,22,11
76,143,46	127,100,93	12,12,12
78,145,50	129,104,97	12,12,12
63,139,31	138,119,79	11,11,11
67,140,32	136,121,80	9,9,9
64,137,29	136,124,84	8,8,8
98,150,86	151,126,96	25,29,28
95,147,81	141,117,83	26,30,31
94,146,80	133,107,72	22,26,29
78,139,44	84,83,65	17,18,22
80,139,47	87,84,67	13,14,16
81,140,46	86,83,68	9,11,10
92,148,61	110,101,96	6,10,9
83,142,52	101,91,89	6,10,9
79,137,50	94,83,81	8,10,9
72,137,47	109,97,73	8,10,7
74,134,44	112,100,74	15,15,13
72,135,44	121,107,81	17,18,13
74,142,43	128,111,93	18,19,14
78,145,48	119,103,80	18,19,13
80,147,52	109,91,67	19,20,14
67,143,35	140,118,81	10,10,10
67,140,32	140,122,84	11,11,11
64,137,29	137,125,87	10,10,10
99,151,87	149,124,94	8,8,8
98,150,84	139,115,81	9,9,9
95,147,81	131,105,70	24,26,25
77,138,43	77,79,58	22,26,27
80,139,49	80,77,60	23,24,28
79,138,44	80,77,62	21,20,25
70,113,41	101,92,87	17,18,20
71,114,43	103,89,88	8,10,9
73,116,47	100,84,84	5,9,8
97,150,68	119,106,87	6,10,11
99,152,74	122,110,88	8,10,9
99,151,76	127,112,91	7,7,7
74,143,52	122,105,87	15,15,13
72,141,48	117,101,78	17,18,13
70,139,46	108,90,66	17,18,12
81,141,53	142,118,84	18,19,14
82,140,56	142,122,87	19,20,14
80,139,55	139,125,88	7,7,7
78,140,43	145,120,89	8,8,8
80,139,45	136,112,76	8,8,8
82,141,51	132,106,69	7,7,7
74,138,52	66,70,45	10,8,9
73,137,51	70,69,49	20,21,23
73,137,51	71,68,51	19,23,26
72,115,44	101,90,86	21,22,26
71,114,45	106,92,89	19,18,23
73,116,47	105,89,89	17,17,19
98,151,69	126,115,97	8,10,9
96,149,71	127,116,98	5,9,8
92,146,68	129,118,100	5,9,10
76,147,53	115,98,80	8,10,9
76,147,55	115,99,76	8,8,8
72,143,49	115,99,74	15,15,13
78,140,54	199,175,77	17,18,13
80,142,56	197,173,75	17,18,13
80,142,56	196,172,74	18,19,14
75,139,43	206,189,119	20,21,16
81,142,49	208,190,118	7,7,7
84,143,51	208,188,117	8,8,8
74,138,52	210,194,116	8,8,8
72,136,50	210,194,116	8,8,8
74,136,50	211,195,117	10,8,9
75,118,49	155,137,53	21,22,26
72,115,46	154,136,52	19,20,24
72,114,48	152,134,50	21,20,26
93,146,64	210,187,145	20,20,22
92,145,67	209,185,141	18,18,20
89,143,65	204,181,137	8,10,9
76,147,53	222,207,140	5,9,10
75,146,54	221,206,139	4,8,9
74,145,51	221,206,137	8,10,9
80,142,56	202,178,80	9,9,9
80,142,56	201,177,81	13,13,13
79,141,55	200,175,82	15,15,13
75,139,43	202,185,113	15,16,11
80,141,48	205,187,113	17,17,15
80,139,47	207,187,114	18,18,16
75,139,53	209,193,115	5,5,5
74,138,52	211,195,117	7,7,7
72,134,48	211,195,117	9,7,8
55,102,30	154,136,52	9,7,8
56,102,30	153,135,49	10,9,7
60,105,36	152,134,50	9,9,11
75,120,61	209,186,144	11,11,11
72,120,62	210,186,142	13,13,13
70,120,61	209,185,141	19,15,14
27,54,11	223,208,141	22,18,17
27,52,12	222,207,140	19,15,12
25,50,10	221,206,137	21,16,13
27,54,11	204,181,85	21,16,13
27,52,12	205,182,86	19,14,11
25,50,10	203,180,86	16,12,9
91,154,65	201,183,107	5,10,13
90,150,62	204,185,109	5,9,12
93,153,63	207,185,110	3,6,11
69,136,41	207,192,111	6,7,11
63,133,35	209,194,113	6,7,11
60,130,31	209,194,113	11,12,16
51,98,26	154,134,48	9,10,14
52,98,26	154,134,48	8,9,13
58,103,34	153,133,47	10,11,13
73,119,57	206,185,140	10,11,13
71,119,59	208,187,140	9,9,11
70,118,58	211,187,143	11,11,11
28,55,12	223,208,141	13,13,13
24,51,8	223,208,141	17,13,14
24,49,9	222,207,138	19,15,16
28,55,12	195,175,88	20,16,13
24,51,8	197,176,87	21,16,13
24,49,9	199,179,92	21,16,13
96,155,71	211,195,107	19,14,11
100,159,75	208,192,107	16,12,9
102,160,76	206,191,108	4,9,12
65,132,37	209,201,138	4,8,11
63,130,35	212,204,142	3,6,11
60,130,32	215,206,147	6,7,11
53,100,28	206,192,131	6,7,11
52,98,26	201,186,121	13,14,18
54,99,30	202,185,115	11,12,16
72,118,56	213,195,131	11,12,16
73,118,59	212,194,130	10,11,13
71,119,59	212,194,132	9,10,12
27,54,11	174,182,45	10,10,12
24,51,8	174,184,51	11,11,13
23,48,8	176,185,56	11,11,11
27,54,11	195,175,86	12,10,11
24,51,8	197,176,85	11,9,10
23,48,8	197,177,88	20,16,13
96,155,75	211,195,108	21,16,13
100,157,78	209,192,110	21,16,13
105,162,83	208,193,112	20,15,12
63,130,35	209,201,138	17,13,10
64,131,36	211,203,141	5,9,12
61,131,33	213,204,145	4,8,11
67,131,47	208,196,136	6,7,12
67,133,46	200,186,123	6,7,11
67,133,46	206,191,124	7,8,12
59,112,40	213,195,131	12,13,17
56,108,33	213,195,131	10,11,13
57,109,34	212,194,132	7,11,12
29,66,15	173,180,48	7,11,12
27,65,14	174,183,54	8,12,13
26,65,12	177,186,59	10,9,14
69,121,49	196,175,82	10,10,12
68,120,45	197,176,83	9,9,9
67,119,44	198,179,85	10,8,9
58,127,11	213,197,112	9,7,8
56,124,11	212,195,113	19,15,12
55,125,13	212,196,118	20,15,12
87,145,61	212,205,137	21,16,13
87,145,60	212,204,139	21,16,13
87,145,58	212,202,140	18,14,11
70,133,52	206,196,137	4,8,11
70,134,48	210,199,137	4,8,11
69,133,47	219,206,138	7,8,13
59,112,40	212,193,127	7,8,12
59,111,36	214,196,130	7,8,12
59,111,36	214,196,130	11,12,16
29,66,14	172,179,47	9,10,12
27,66,13	173,182,53	6,10,11
25,64,11	175,184,59	6,10,11
69,122,50	208,188,135	8,12,13
67,119,45	212,192,139	11,10,15
68,118,45	216,196,145	9,8,13
58,128,14	212,196,109	7,7,9
55,125,9	210,195,104	8,8,8
53,126,11	206,193,101	8,8,8
87,146,62	199,185,86	18,14,11
87,145,60	197,183,84	18,14,11
86,146,60	198,184,87	19,15,12
71,133,56	213,201,141	18,14,11
71,134,53	214,202,142	17,13,10
70,133,52	214,202,144	2,7,10
59,112,40	131,99,60	4,8,11
61,113,38	134,101,60	5,9,12
61,113,38	135,102,61	6,10,13
30,67,15	113,83,45	8,9,13
28,67,14	114,84,46	8,9,13
27,66,13	113,85,48	5,9,10
72,125,55	207,187,136	5,9,10
69,121,47	211,191,140	5,10,13
68,118,45	214,194,144	7,12,15
59,129,15	212,196,109	5,9,12
58,128,12	210,195,104	7,8,10
53,126,11	208,193,100	7,8,10
95,154,70	202,188,89	6,10,11
93,151,66	200,186,87	5,11,11
88,148,62	199,185,88	9,9,9
82,139,45	212,200,140	10,8,9
81,138,43	213,201,143	11,10,8
82,139,42	213,201,143	12,11,7
76,141,47	126,94,55	12,11,7
75,142,49	129,96,55	4,12,15
77,143,53	130,97,56	4,9,13
65,118,40	111,81,43	4,9,13
61,116,35	112,82,44	4,9,13
62,117,36	111,83,46	5,10,13
80,135,51	209,187,137	9,13,14
79,134,51	212,190,141	13,12,17
74,132,48	213,193,143	12,13,17
87,152,52	212,196,108	12,13,17
83,149,49	213,196,106	9,13,16
81,149,50	212,195,103	4,8,11
79,146,53	203,188,87	5,6,8
79,146,53	201,186,85	6,7,9
82,147,53	198,184,87	5,9,10
72,136,42	216,204,146	4,10,10
67,131,37	214,202,144	10,10,10
61,125,29	210,197,142	10,8,9
81,141,45	121,87,49	9,8,6
81,141,45	124,89,51	9,8,4
84,141,46	126,91,51	9,8,4
77,143,46	113,81,43	4,12,15
76,141,47	110,80,44	6,11,15
78,145,52	106,76,40	6,11,15
65,119,41	119,105,34	4,9,13
63,118,37	118,103,34	5,10,13
61,116,33	117,104,34	12,13,15
78,136,49	132,105,62	14,13,18
76,134,49	133,106,61	14,15,19
71,129,44	135,106,62	13,14,18
88,153,53	216,201,160	12,13,17
84,152,51	212,197,154	5,9,10
80,148,47	216,195,152	6,7,9
77,143,46	219,207,125	5,9,10
75,142,47	225,210,129	5,11,11
78,145,50	224,211,132	3,11,13
74,135,42	202,188,100	12,11,9
67,131,37	203,189,101	11,10,8
62,126,32	202,191,102	12,8,5
80,140,44	211,199,141	9,8,3
80,140,44	211,196,137	9,8,4
82,139,44	208,193,126	4,12,15
78,144,47	215,197,125	6,11,17
77,142,48	213,195,121	6,11,17
78,145,52	212,193,116	3,11,14
68,121,43	125,106,37	3,11,14
65,120,39	123,106,37	12,13,15
62,117,34	122,105,36	16,16,16
76,134,47	134,107,64	17,17,17
74,132,47	135,108,65	17,17,17
71,129,44	136,107,65	15,17,16
88,153,53	217,202,163	6,10,11
85,153,52	220,205,164	6,7,9
80,148,47	219,197,156	5,9,10
76,142,45	221,209,127	6,12,12
74,141,46	225,210,129	3,11,13
75,142,47	224,211,132	14,13,11
74,133,41	201,187,98	13,12,10
69,130,37	202,188,99	14,10,7
65,126,33	201,190,100	11,10,5
92,158,52	211,199,141	10,9,5
100,163,59	212,197,138	4,12,15
112,174,73	209,194,127	6,11,17
87,157,61	216,197,128	6,11,17
87,154,57	213,195,121	4,12,15
88,154,57	211,192,115	4,12,15
85,151,54	130,111,42	14,14,16
93,158,68	128,109,40	15,15,15
99,162,73	125,108,39	17,17,17
92,151,67	134,110,66	19,19,19
95,154,72	136,109,66	19,19,19
93,155,72	136,109,66	7,11,10
67,134,39	221,207,168	8,10,9
68,135,40	219,206,164	6,10,11
72,137,45	219,202,159	4,12,14
84,143,49	223,211,129	3,11,13
85,145,49	224,212,130	14,13,9
88,148,50	224,211,132	15,14,10
68,120,46	202,187,94	15,14,10
73,125,51	202,187,94	14,13,9
79,133,58	202,189,95	12,13,8
98,161,56	212,197,140	3,12,17
102,163,60	213,197,138	3,12,19
104,166,67	210,195,130	3,12,19
90,157,64	215,198,128	3,13,14
88,153,59	212,194,120	4,12,15
87,152,58	211,192,113	16,15,20
85,151,54	157,154,101	16,16,16
88,153,63	156,153,100	18,18,18
96,159,70	156,153,100	20,20,20
93,152,70	206,197,118	21,21,21
98,157,77	206,197,118	11,11,9
96,155,75	207,198,119	8,10,7
69,136,39	210,195,112	8,10,7
70,136,39	212,197,116	9,9,7
69,133,37	215,198,118	9,9,7
85,145,49	173,149,85	16,17,12
84,144,46	186,164,107	18,18,16
85,145,45	200,177,127	19,20,15
77,129,54	131,92,59	18,19,14
86,138,64	133,95,56	17,17,15
87,140,68	135,97,52	12,12,10
100,163,59	221,209,137	10,10,8
102,163,60	222,210,138	8,8,6
104,166,67	225,211,138	8,8,6
88,155,62	193,192,99	7,7,5
88,153,59	191,190,97	22,21,17
87,152,58	193,192,99	21,21,19
84,150,53	155,152,99	21,22,17
90,154,67	157,154,101	20,21,16
92,154,68	156,153,100	19,19,17
90,149,67	204,196,115	13,14,9
95,154,74	204,196,115	11,11,9
93,152,72	206,197,118	10,9,7
71,138,41	211,196,113	7,7,7
70,136,39	213,198,117	7,7,7
67,131,35	214,197,117	28,25,20
87,147,51	176,148,83	26,25,20
85,145,47	185,158,103	25,24,19
84,144,44	197,171,122	21,22,16
85,137,62	129,91,55	19,20,15
95,147,75	129,94,54	14,15,10
90,143,71	134,97,52	11,11,9
58,103,38	220,208,136	10,9,7
52,97,30	219,207,135	7,7,7
47,92,27	221,207,134	6,6,6
67,132,38	191,190,97	32,29,24
68,133,43	189,188,95	29,28,23
69,132,43	194,193,100	27,26,21
80,139,73	155,154,98	22,23,17
81,141,79	157,156,100	19,20,15
85,145,85	158,156,99	16,15,11
79,136,67	202,194,111	13,13,11
81,134,66	206,195,113	11,11,9
78,131,63	209,198,116	8,8,6
87,140,62	211,194,112	8,8,8
86,140,64	213,196,114	33,30,25
87,141,65	214,197,115	33,30,25
66,138,39	175,147,82	28,27,22
68,139,45	184,158,101	24,23,18
69,137,50	193,167,116	21,20,16
71,139,28	128,95,54	52,49,40
72,142,30	130,97,52	41,41,33
71,141,29	135,103,54	34,35,27
76,132,57	217,207,135	26,27,22
78,134,59	217,205,131	21,23,18
79,135,60	218,204,129	56,53,46
58,103,38	193,192,99	47,47,37
52,97,32	192,191,98	40,42,31
49,91,27	197,194,101	33,32,28
66,133,38	224,199,158	28,29,24
68,135,42	224,199,158	57,54,47
67,134,41	225,201,157	54,51,44
80,137,69	212,200,158	47,47,39
76,135,71	214,201,157	40,39,34
85,144,80	212,199,155	36,37,29
80,137,69	96,89,37	54,49,45
90,142,76	100,93,41	56,51,45
94,146,80	101,96,41	53,50,43
87,140,60	225,200,159	49,44,40
87,140,60	224,199,158	46,43,36
87,141,63	224,200,156	52,44,42
67,139,37	214,202,162	56,49,43
67,138,42	215,201,162	60,51,44
69,138,49	214,200,161	53,49,40
76,144,33	96,88,41	51,47,36
75,143,32	101,94,42	19,24,18
78,146,35	100,97,42	16,23,16
74,132,56	225,200,159	15,22,15
77,133,58	225,200,159	11,20,15
77,133,58	224,199,158	9,20,14
56,101,36	216,202,163	19,24,18
51,96,31	216,202,163	23,30,23
50,92,28	216,202,163	24,31,24
71,138,43	93,87,39	20,29,24
70,137,44	98,92,42	14,25,19
69,136,43	97,96,42	23,29,25
85,142,74	195,170,113	31,38,31
80,139,75	198,173,117	35,45,37
84,143,79	194,169,113	26,37,29
84,136,72	192,170,112	15,26,20
96,146,83	195,171,111	27,33,29
111,161,98	193,169,109	35,42,35
88,141,61	190,168,108	35,45,37
89,142,64	193,169,109	24,35,27
86,140,64	193,169,109	13,24,18
66,138,36	167,129,150	27,32,26
66,138,38	153,120,141	25,31,27
69,138,45	145,112,133	26,32,28
81,149,38	121,88,119	16,25,20
81,148,42	123,90,119	10,19,14
84,151,45	122,93,115	19,19,21
73,131,55	219,213,179	19,19,21
76,132,57	220,214,180	16,16,18
79,135,60	222,213,180	13,13,15
84,148,51	160,124,112	11,11,13
83,149,51	161,122,115	17,17,19
82,148,48	156,119,113	18,18,20
100,160,60	150,137,93	16,16,18
100,162,63	150,137,93	14,14,16
99,164,64	145,132,88	12,12,14
73,140,45	111,91,93	13,14,18
75,142,49	113,93,95	16,16,18
76,143,50	112,89,95	15,15,17
76,138,53	212,203,174	14,14,16
70,136,46	212,206,174	12,12,14
67,136,43	215,206,177	11,12,16
66,105,50	173,161,135	14,14,16
64,103,46	175,163,139	15,15,17
65,104,47	178,166,144	14,14,16
47,109,23	154,119,139	12,12,14
48,108,20	148,115,132	9,13,16
44,104,16	143,110,129	13,12,17
81,147,47	124,89,121	14,14,16
81,147,47	121,87,114	14,14,16
82,148,48	118,89,111	13,13,15
100,160,62	219,214,182	7,8,10
98,160,61	220,214,182	9,10,12
95,160,60	222,216,184	11,11,11
72,139,44	154,122,109	12,12,12
73,140,45	157,123,114	15,15,15
76,143,48	158,123,119	8,9,11
74,138,51	147,134,89	9,10,14
71,137,47	147,134,90	11,11,13
70,139,46	145,130,87	12,12,12
67,106,51	112,94,94	14,14,16
66,105,48	111,92,94	6,10,11
68,107,50	109,90,92	6,10,11
48,110,24	212,201,169	7,11,12
48,108,22	211,202,169	9,10,12
44,102,17	214,203,173	10,11,13
80,146,46	173,159,132	52,128,190
80,146,46	177,163,137	54,128,191
82,148,48	180,165,142	56,130,193
102,162,64	149,114,134	48,128,189
98,158,60	146,113,130	45,126,189
95,160,60	142,109,128	51,121,193
73,140,45	128,93,125	50,117,188
78,145,50	131,97,124	50,114,188
79,146,51	128,96,119	50,114,186
75,139,52	223,218,186	51,115,186
74,140,50	222,216,184	66,122,207
73,142,49	220,214,182	60,120,206
70,109,54	155,123,112	63,123,211
66,105,48	156,122,113	63,122,216
68,107,50	156,123,118	61,120,212
51,110,26	143,130,85	66,122,207
48,106,21	142,129,85	60,120,206
43,101,16	142,127,84	63,123,211
83,147,60	111,93,93	63,122,216
77,142,52	110,91,93	61,120,212
76,141,49	108,89,91	50,114,202
87,126,59	211,200,168	48,113,203
83,124,56	212,203,170	48,115,206
83,124,58	213,202,172	48,117,208
84,146,49	174,160,134	46,115,206
95,154,60	173,158,135	51,129,193
104,163,73	170,155,132	52,130,194
70,127,48	191,185,109	54,132,196
69,126,47	191,183,108	50,131,194
66,123,44	190,182,107	46,130,192
76,137,57	205,196,129	53,123,195
77,139,56	202,195,127	53,120,191
75,139,53	205,195,124	52,116,190
51,109,35	141,130,76	52,116,188
57,112,44	134,121,69	51,115,186
60,116,45	128,112,63	76,130,216
78,135,54	134,122,72	76,132,217
80,134,56	139,126,74	69,127,211
78,132,54	142,126,75	69,124,214
84,148,61	203,177,142	69,124,214
79,144,52	206,182,146	76,130,216
77,142,50	213,189,153	76,132,217
90,129,64	177,163,134	69,127,211
86,127,61	182,169,137	69,124,214
90,130,67	188,174,137	69,124,214
85,147,46	180,175,93	55,116,205
89,151,54	177,172,88	52,116,204
94,153,59	173,169,82	52,117,207
68,125,44	194,188,112	49,118,209
68,125,46	193,185,110	46,115,206
69,126,47	192,184,109	51,132,197
74,136,53	202,195,127	53,132,198
73,137,51	201,194,126	53,132,198
77,141,55	200,193,125	49,135,196
47,105,31	130,117,64	46,134,197
52,108,37	129,116,64	54,122,195
58,114,43	128,115,63	56,124,197
82,139,60	134,122,72	53,120,191
79,133,55	137,124,72	52,116,187
78,135,56	141,125,73	55,120,186
83,147,60	209,183,148	87,142,224
79,144,52	216,192,156	85,140,223
77,142,50	220,196,160	76,132,215
85,124,61	174,159,130	76,128,212
90,130,67	179,164,133	76,128,212
100,140,78	187,171,135	87,142,224
83,146,41	181,175,89	85,140,223
83,145,44	178,173,82	76,132,215
86,146,50	173,168,77	76,128,212
68,125,44	196,190,114	76,128,212
69,126,47	193,187,109	61,121,207
72,129,50	191,184,104	58,122,209
80,142,59	201,193,128	56,122,209
80,144,58	206,198,133	53,120,207
79,143,57	207,199,136	46,116,204
48,106,32	121,108,55	55,136,201
51,107,36	122,109,57	55,136,201
58,114,43	123,110,58	54,135,200
85,142,63	133,123,72	52,138,199
83,137,59	137,125,73	49,137,200
81,138,59	141,128,75	53,121,194
60,119,35	211,185,150	52,120,193
59,117,33	218,194,158	51,118,189
56,114,30	221,197,161	54,118,189
62,121,27	174,159,130	59,124,190
60,122,25	178,163,132	87,138,221
60,122,21	186,170,134	81,132,215
61,125,38	179,173,85	80,133,213
63,127,41	176,171,80	85,133,215
63,127,40	174,169,78	82,130,214
49,102,20	147,112,118	87,138,221
49,103,19	146,112,113	81,132,215
51,106,23	144,111,106	80,133,213
70,131,51	202,174,160	85,133,215
73,132,52	199,169,158	82,130,214
73,130,51	190,161,153	65,125,211
48,108,22	163,132,88	65,126,209
46,108,23	170,139,92	60,125,209
44,108,22	175,145,95	55,122,209
68,130,44	180,171,92	48,118,206
70,132,46	177,170,89	52,136,200
72,131,47	183,178,97	57,141,205
56,118,32	204,197,125	56,141,205
56,116,30	202,199,128	56,142,203
53,113,27	201,200,133	54,140,201
62,119,25	128,91,72	49,117,190
62,122,26	135,103,78	48,118,190
63,125,26	131,105,72	48,115,186
65,127,42	118,105,60	54,118,189
65,127,42	118,103,60	61,126,192
67,131,45	118,100,62	80,129,208
49,104,21	144,110,111	77,126,205
50,104,20	146,110,110	84,133,212
52,105,23	148,113,107	95,142,220
64,127,48	199,172,155	90,137,219
71,132,54	194,165,151	80,129,208
74,135,57	183,154,146	77,126,205
48,110,25	167,136,92	84,133,212
47,109,24	169,141,94	95,142,220
47,109,24	174,146,98	90,137,219
69,132,43	180,168,92	68,129,210
69,128,44	181,170,91	71,132,213
75,134,52	182,173,94	73,136,216
51,113,27	204,197,125	61,127,211
53,113,27	202,199,130	53,123,209
54,114,28	200,199,134	54,128,189
63,120,26	128,94,69	45,123,189
60,120,24	140,110,82	39,119,188
60,122,23	135,111,77	38,118,191
66,128,43	117,104,59	36,116,189
70,132,49	117,102,61	73,141,212
71,135,49	116,98,62	78,148,217
51,106,23	134,100,99	76,149,217
51,105,21	142,107,105	73,146,214
52,105,23	149,114,108	74,147,215
63,126,47	197,172,150	40,122,198
70,131,53	194,169,149	40,122,198
74,135,57	185,157,145	42,124,200
48,110,25	164,135,93	44,127,203
47,109,24	170,143,96	44,130,205
46,108,23	177,149,101	39,122,192
69,132,43	177,165,89	50,130,201
71,130,46	180,169,90	57,136,205
76,135,53	182,173,94	54,137,207
111,167,76	203,199,128	57,140,210
109,169,79	202,199,132	56,109,177
108,168,78	200,199,134	51,105,177
104,159,76	130,96,69	44,102,175
103,158,77	142,113,83	41,105,176
103,158,77	137,113,77	48,108,178
101,156,75	119,104,61	53,129,191
101,156,75	118,103,62	44,123,190
98,156,72	118,100,64	39,119,190
83,147,51	139,140,122	37,117,190
83,148,48	148,149,131	35,114,189
90,154,57	152,154,133	72,141,216
83,144,64	180,159,114	77,149,221
81,143,60	179,157,107	77,151,222
83,145,62	169,149,96	70,147,217
66,127,34	226,211,172	71,148,218
63,128,36	211,196,155	40,121,200
57,122,32	199,182,139	39,121,197
88,150,64	214,199,158	44,126,202
92,151,67	213,200,158	46,128,204
94,153,69	215,201,162	44,127,203
111,167,76	138,114,88	44,124,195
107,166,74	136,112,84	54,132,204
109,168,76	139,113,86	57,136,205
102,160,76	182,185,104	52,134,207
102,160,76	180,183,102	52,135,205
104,159,76	181,185,101	49,102,170
103,158,77	187,176,84	48,102,174
97,155,71	186,175,83	45,103,176
93,151,66	186,177,84	37,101,172
83,147,51	140,141,123	42,102,172
88,150,53	145,146,128	50,130,193
92,153,58	147,149,128	45,126,192
81,143,58	179,158,111	38,121,191
82,144,61	175,157,107	34,118,188
86,148,65	168,151,99	33,115,188
65,125,35	224,209,170	72,144,220
60,125,31	218,203,162	72,149,221
58,123,31	212,195,152	73,151,223
89,151,66	213,198,157	66,144,216
87,151,67	212,199,157	67,145,217
89,151,68	215,201,162	40,121,200
115,170,79	137,114,83	40,123,199
111,170,78	136,113,81	43,125,199
110,169,77	139,114,83	44,126,200
101,159,75	178,182,97	40,126,199
102,160,76	174,178,93	51,129,203
105,160,77	174,178,91	60,137,209
106,161,80	186,173,81	61,138,210
100,158,74	184,173,83	51,133,206
95,153,68	187,176,86	47,131,203
84,148,52	144,143,123	51,101,170
88,150,53	146,145,124	44,98,168
91,152,57	145,144,123	42,99,170
78,140,55	178,157,110	37,100,169
82,144,61	176,158,108	39,98,168
91,153,70	170,154,103	50,129,195
64,124,34	222,207,168	47,128,194
59,124,30	223,208,169	40,123,193
57,122,30	222,205,162	35,119,189
92,154,69	214,199,158	34,116,189
86,149,68	214,199,158	69,140,218
86,147,67	216,201,162	70,146,221
98,162,66	136,113,82	70,148,222
104,163,71	138,115,83	63,142,217
110,166,75	139,114,83	61,140,215
90,151,74	177,181,96	38,119,200
90,151,74	172,176,91	36,119,195
89,150,72	171,175,88	39,121,195
90,142,67	183,167,80	43,125,199
90,144,68	185,171,83	43,129,202
91,145,69	187,176,87	52,130,204
94,152,68	201,205,110	59,136,208
93,151,66	201,205,108	61,138,210
94,152,68	200,204,109	51,133,207
78,146,35	194,165,97	44,128,200
77,145,32	194,165,97	53,103,172
80,148,37	192,162,98	46,100,170
63,135,33	188,182,88	44,101,172
63,136,31	189,182,91	40,100,170
63,134,28	190,183,93	37,96,166
99,160,65	136,123,88	48,129,194
105,166,73	135,123,85	44,127,195
100,159,65	138,129,86	39,123,193
88,149,71	205,203,118	32,119,188
91,149,72	200,203,116	32,116,186
90,148,71	199,202,113	65,141,217
92,144,70	93,80,64	65,141,216
93,145,71	90,74,59	61,139,213
94,146,72	90,73,57	59,138,213
95,150,67	166,167,151	56,135,212
95,150,67	162,163,147	37,118,197
94,152,68	160,161,145	36,119,195
77,145,34	199,203,108	38,122,195
77,145,34	201,205,108	40,124,197
80,148,39	200,204,109	42,125,201
64,137,30	195,164,97	47,125,200
66,139,32	196,167,101	52,128,203
65,138,31	195,165,103	54,132,206
96,157,62	183,177,83	51,130,207
99,160,67	189,183,87	45,129,202
94,153,59	194,187,96	51,100,167
88,149,71	140,130,94	49,102,170
91,149,72	142,134,95	48,102,172
90,148,71	150,143,101	40,100,170
92,144,70	204,204,114	39,96,167
93,145,71	202,205,114	43,89,164
95,147,73	199,204,112	39,87,163
97,152,71	93,80,64	38,86,162
95,150,67	91,75,60	42,90,164
94,152,68	93,77,61	49,97,169
80,146,36	148,149,135	54,139,196
80,146,36	148,150,136	51,136,191
82,148,40	148,152,137	52,138,197
64,137,30	197,201,107	46,136,196
66,139,32	199,203,108	40,133,194
65,138,31	200,204,110	71,138,193
77,139,56	196,166,94	63,135,194
80,139,59	197,166,101	41,113,172
78,140,55	198,166,107	33,107,168
60,128,29	185,178,87	36,110,173
58,125,28	187,181,85	60,154,215
55,122,25	190,184,90	61,157,215
90,157,62	141,133,96	65,160,218
92,157,63	150,142,103	67,160,219
91,156,64	156,151,109	62,157,215
86,150,54	205,205,115	57,151,215
88,152,58	201,204,113	56,151,215
93,154,59	202,207,113	56,152,213
54,118,24	103,94,77	56,154,219
60,120,30	98,86,70	49,148,213
65,125,35	97,84,67	41,87,162
65,138,33	132,130,115	38,85,163
69,139,41	136,139,122	37,84,162
76,145,52	140,144,129	44,92,168
72,130,53	108,93,90	46,94,168
70,129,49	110,92,90	56,141,198
68,127,45	115,95,94	51,137,194
80,139,57	195,176,134	49,135,196
81,140,60	199,180,140	42,132,192
85,144,62	198,180,142	39,132,193
56,127,25	184,161,109	94,159,213
54,124,25	177,154,102	73,145,204
54,124,25	175,152,102	46,118,177
96,161,69	135,106,100	37,111,172
98,161,70	148,119,113	38,112,175
99,164,74	149,120,112	60,153,214
87,151,54	160,165,107	64,159,217
92,153,58	165,170,114	69,162,219
92,153,58	166,169,114	68,159,216
50,115,21	184,188,114	64,157,214
56,120,26	183,185,110	54,147,214
57,122,28	182,185,106	54,149,213
65,138,33	178,173,81	53,149,210
70,140,42	178,174,83	52,150,215
73,140,47	181,177,90	48,147,212
71,132,52	112,96,96	38,86,162
72,131,49	112,94,94	36,83,163
68,130,44	112,92,91	38,87,164
84,143,63	196,175,130	40,89,165
87,145,68	197,176,133	43,93,166
94,153,73	195,176,136	53,139,196
56,127,25	182,159,107	51,140,198
54,124,25	175,152,100	47,137,197
55,125,26	172,149,99	40,130,192
100,163,74	132,102,92	38,128,190
99,162,73	138,110,99	76,141,197
101,163,77	139,111,99	64,136,195
89,153,56	163,167,108	48,123,181
94,154,58	162,165,108	42,116,177
94,153,59	156,159,102	39,114,179
53,117,23	179,187,112	62,155,214
53,118,24	183,190,113	70,161,218
54,119,25	183,187,110	75,161,218
66,138,36	183,176,86	74,159,214
68,138,40	185,179,91	74,161,215
71,138,45	185,179,91	52,147,213
75,137,54	116,100,100	55,150,214
73,132,50	111,93,93	57,151,213
69,131,45	110,90,89	52,148,209
79,139,51	191,170,125	49,147,208
87,145,61	191,170,127	36,84,160
89,148,64	191,172,132	37,84,164
64,122,38	180,157,105	38,87,166
66,123,44	171,148,98	41,90,167
67,124,45	167,144,94	42,91,167
102,163,60	135,105,94	53,139,196
100,161,57	135,107,95	49,139,199
98,159,55	134,106,92	47,137,199
90,157,52	167,168,108	43,133,195
88,157,50	164,165,105	41,131,193
85,157,47	159,160,100	55,121,179
92,152,64	179,187,112	51,123,182
93,153,67	183,190,113	43,118,176
90,150,62	184,188,111	42,116,177
90,150,62	185,178,88	41,116,181
90,150,62	185,179,91	72,161,219
89,151,65	185,179,91	77,163,220
98,152,74	214,193,84	82,163,218
95,149,73	214,193,84	88,168,221
92,149,72	215,194,85	91,172,225
79,139,53	200,202,129	50,145,211
87,144,63	198,200,127	53,148,212
92,149,68	196,198,125	56,150,212
64,119,38	195,193,110	58,154,215
66,120,42	192,187,103	55,153,214
68,122,46	188,182,98	35,82,160
100,162,55	197,199,134	39,86,164
97,159,50	198,201,134	39,88,165
101,160,52	198,200,135	37,89,165
92,159,53	185,158,103	41,94,170
88,157,50	182,157,100	58,145,199
86,158,50	183,158,101	48,141,200
89,149,59	214,196,94	42,135,194
88,151,62	214,197,93	45,135,195
88,151,60	214,197,93	48,137,197
92,152,64	214,196,88	48,116,177
91,154,65	214,196,88	43,118,176
93,156,67	215,194,87	45,119,180
98,153,72	200,202,129	42,118,180
94,148,70	200,202,129	36,114,178
97,151,73	201,202,132	77,162,217
80,138,53	203,198,116	83,164,219
87,142,61	200,194,110	90,166,218
91,148,67	195,187,104	99,173,222
65,120,39	198,201,134	108,184,233
67,121,46	198,201,134	49,148,213
68,122,47	199,202,135	54,149,213
100,162,55	185,160,104	58,152,213
98,160,51	188,163,107	61,157,217
101,160,52	188,163,107	61,160,219
92,159,53	215,197,95	33,120,200
89,158,51	215,197,95	43,126,204
87,159,51	212,198,93	49,132,208
87,147,57	215,197,89	48,131,207
86,149,60	214,196,88	47,133,208
86,149,58	214,193,86	50,101,166
96,156,68	197,199,126	43,98,165
97,160,71	201,202,132	40,94,166
96,159,70	206,207,139	43,97,169
97,152,71	203,198,114	46,100,172
96,150,72	202,196,112	51,125,200
99,153,75	198,190,107	64,138,213
101,161,71	197,200,131	72,145,214
106,161,78	201,204,137	71,143,215
106,159,77	203,206,139	65,134,211
102,163,86	189,164,108	48,93,152
106,164,88	190,165,111	44,90,149
110,168,92	190,165,111	38,87,146
93,156,65	215,197,97	35,85,146
96,156,66	214,196,96	33,84,147
95,156,63	211,196,93	32,119,199
76,134,49	175,152,138	43,126,204
74,129,45	178,155,141	51,134,210
74,130,43	172,146,131	52,135,211
84,146,47	143,109,84	46,132,207
82,147,47	145,111,84	51,102,168
83,147,50	151,118,87	45,99,169
66,134,21	168,147,142	43,97,169
64,132,21	174,150,146	48,102,174
62,130,21	171,146,141	53,107,177
72,142,30	189,155,130	60,130,202
75,145,31	190,156,131	71,141,213
78,148,34	181,150,122	84,153,220
98,158,70	198,173,133	84,151,221
104,158,72	195,171,133	74,138,212
102,158,71	194,170,132	44,89,148
105,165,91	120,121,107	40,86,146
109,167,93	132,130,117	37,86,145
114,172,98	143,140,125	33,83,144
93,153,65	164,138,103	32,82,145
94,154,66	171,145,108	32,124,201
97,157,67	183,158,118	42,129,206
77,132,49	179,156,140	47,134,211
74,128,44	182,159,143	47,134,211
74,128,42	171,148,130	42,129,206
86,148,49	148,114,89	50,101,167
86,148,49	146,112,85	44,98,168
87,149,50	146,112,84	43,100,171
66,136,20	173,154,148	54,108,178
64,134,20	176,155,150	63,116,184
64,132,19	172,149,143	64,132,203
74,144,32	189,155,128	79,149,219
77,145,32	188,154,127	95,160,226
78,146,33	184,153,124	95,159,223
97,157,71	195,171,133	94,155,222
105,159,73	193,169,131	45,87,145
102,158,71	191,167,129	42,87,144
105,165,91	125,123,110	41,87,146
109,167,93	130,128,113	36,85,144
116,174,100	138,135,120	32,82,143
94,154,68	165,141,107	35,125,201
95,155,69	177,153,115	41,128,205
96,156,68	188,165,124	44,131,208
80,135,52	174,151,135	43,130,207
77,130,48	174,151,135	40,127,204
74,128,44	169,146,128	50,100,169
87,149,52	159,124,104	44,98,170
87,149,50	156,121,99	42,99,170
87,149,50	150,116,89	55,109,179
67,137,21	176,155,150	71,124,190
64,134,20	175,151,147	61,128,198
65,133,20	171,148,142	76,145,214
76,144,33	190,156,129	97,158,223
73,141,28	189,155,128	100,158,221
74,142,29	184,153,124	110,165,230
80,137,56	190,166,128	45,85,144
83,140,61	189,165,127	46,88,146
91,145,69	188,164,126	44,89,148
58,123,43	124,122,109	37,83,143
54,117,36	128,126,111	32,78,140
56,120,36	131,128,113	43,131,203
75,142,37	163,138,107	42,130,204
80,147,42	179,155,119	42,130,204
83,148,46	189,167,128	39,126,203
86,145,53	140,106,107	35,125,203
84,140,49	136,100,104	52,102,171
84,140,51	136,100,104	47,99,172
68,127,33	139,103,103	44,98,170
69,130,37	143,107,107	55,108,176
68,131,40	146,110,110	71,122,185
60,121,43	126,99,92	68,133,201
62,121,41	131,103,99	67,134,202
65,124,44	135,107,103	87,149,210
79,141,56	199,195,108	99,153,215
80,139,57	197,192,108	113,163,224
87,144,65	196,190,106	43,84,140
60,123,44	186,172,83	46,89,144
55,118,37	185,172,80	46,88,146
56,120,36	190,179,90	39,81,141
76,143,38	193,183,86	34,76,136
79,146,41	193,184,91	30,62,145
83,148,46	195,186,95	27,59,142
82,141,51	208,199,108	28,60,143
84,140,51	207,200,112	29,60,143
89,145,58	206,199,111	30,58,142
67,126,32	139,103,107	44,74,147
65,126,33	135,99,103	48,78,150
64,127,36	136,102,103	53,82,150
64,127,46	140,101,102	56,83,150
64,125,45	143,104,105	48,75,142
65,126,46	144,108,108	120,146,207
81,143,58	124,99,94	92,120,183
80,139,57	133,105,102	75,106,171
86,143,64	135,107,104	59,92,159
59,122,43	199,195,108	56,91,155
55,118,37	194,189,105	66,114,186
55,119,35	191,186,102	63,111,183
77,144,39	188,174,85	60,108,182
79,146,43	185,174,84	61,109,185
84,149,47	191,180,91	61,110,187
82,141,51	195,185,88	38,83,168
84,140,51	194,185,94	41,86,169
92,147,63	197,187,98	47,92,173
63,124,29	206,197,104	51,93,175
62,123,28	206,199,109	51,93,175
61,125,31	205,198,110	30,62,147
69,132,51	136,100,104	28,60,145
67,128,48	134,98,102	28,60,145
67,128,48	137,103,104	33,63,149
94,154,58	140,101,102	33,61,145
93,155,58	141,102,103	48,78,151
91,155,59	143,107,107	47,77,149
82,142,54	123,98,93	53,82,150
79,142,53	131,103,100	56,83,150
79,144,54	136,108,105	46,71,138
98,151,83	198,194,107	111,137,198
93,146,76	196,191,107	91,119,182
87,141,66	196,191,107	80,111,176
87,147,61	192,178,90	66,99,166
85,145,59	189,178,88	68,103,167
83,143,53	191,180,91	62,110,182
53,112,30	196,186,89	60,108,180
50,112,29	196,187,96	61,109,183
49,112,31	198,188,99	65,113,189
81,141,53	205,196,103	65,112,190
82,142,52	205,198,108	40,82,168
83,143,53	205,198,110	40,85,168
79,141,58	210,199,117	46,91,172
84,143,63	213,204,125	53,95,177
83,142,62	220,211,132	51,92,172
96,155,61	212,200,124	28,60,145
91,152,57	214,202,126	29,61,146
91,155,59	213,201,125	31,62,145
87,147,59	195,189,95	31,62,144
81,144,55	193,188,94	34,62,145
80,145,55	193,188,94	48,80,153
98,151,83	180,170,117	45,75,147
92,145,73	179,168,112	46,75,145
85,139,63	180,169,113	48,73,140
87,147,61	179,167,95	40,63,131
86,146,60	177,167,95	84,113,171
88,148,60	175,166,91	85,115,175
50,114,27	209,195,132	87,119,180
51,113,28	214,199,140	82,116,179
52,114,29	213,201,141	79,115,177
83,143,57	208,199,120	63,110,180
85,145,57	213,204,127	70,117,187
83,143,53	219,212,134	73,120,192
81,140,58	209,200,123	71,117,192
86,145,65	211,202,125	65,111,188
85,144,64	209,200,123	43,83,170
97,153,64	194,190,91	42,84,168
94,153,61	195,190,96	46,88,172
92,153,58	195,190,98	49,90,172
85,148,59	184,174,123	48,89,169
82,147,57	182,173,116	28,60,145
80,145,55	183,172,116	29,61,146
97,150,82	177,164,96	32,60,144
92,145,75	178,165,95	32,60,143
93,145,71	175,165,93	31,60,140
90,150,64	214,200,137	43,75,150
92,150,65	215,203,143	42,72,145
95,153,66	214,202,144	41,69,142
51,115,28	208,199,120	44,68,138
51,113,28	210,201,124	42,65,133
86,146,60	214,205,128	80,109,167
87,147,59	208,199,122	82,112,172
86,146,60	210,201,124	86,118,179
83,142,62	209,200,123	93,127,190
89,146,69	197,193,94	86,122,184
88,145,68	197,192,98	67,114,184
83,144,74	197,192,100	72,119,189
79,141,66	189,179,128	75,122,194
72,136,58	186,177,120	73,119,194
95,152,75	186,175,119	67,113,190
88,146,70	177,163,98	45,85,172
94,150,77	177,164,96	44,86,170
84,146,61	174,164,93	45,87,171
78,141,52	218,203,144	45,86,168
74,139,47	217,204,149	44,85,165
64,127,38	217,204,151	28,58,144
59,122,33	180,170,98	30,61,144
54,117,26	180,171,96	33,61,144
63,129,39	182,171,92	32,61,141
65,129,42	194,187,119	30,57,136
71,135,51	194,185,120	38,70,145
97,148,82	189,178,112	37,69,142
99,147,85	159,159,45	39,67,140
100,150,87	159,159,45	43,70,139
74,132,45	160,158,47	43,67,137
71,131,43	201,186,85	85,117,176
68,128,40	199,184,81	83,115,174
60,121,41	199,184,81	88,122,183
66,127,49	188,172,95	104,138,199
72,129,52	189,172,94	98,134,196
84,146,73	189,172,92	73,120,192
80,142,67	175,182,79	71,118,190
74,139,59	178,186,85	69,116,188
92,149,72	181,188,92	68,114,189
91,149,73	172,157,88	64,110,187
94,150,77	176,161,92	43,81,166
81,143,58	176,161,92	42,83,165
77,140,51	181,171,102	44,87,166
75,140,48	182,172,101	44,85,165
64,127,38	184,172,98	41,82,164
60,123,34	190,183,115	72,105,174
56,119,28	190,181,114	78,111,178
67,133,45	188,177,111	97,128,192
62,126,40	160,160,46	95,125,185
66,128,45	160,160,46	82,113,177
96,148,82	160,160,46	61,101,171
97,150,82	193,178,77	59,97,172
94,149,82	193,178,75	55,94,171
76,136,48	196,181,78	49,86,166
73,133,45	188,172,95	42,79,160
70,130,42	188,171,93	39,62,132
60,121,41	188,171,91	36,58,131
65,126,48	178,184,86	35,59,131
72,129,52	180,187,91	32,56,130
83,145,70	182,189,94	28,52,126
80,143,64	170,155,86	42,80,163
76,141,59	174,159,90	41,78,159
95,152,73	176,161,92	40,75,157
93,151,74	180,173,105	44,76,159
95,151,76	180,173,105	42,81,160
81,143,58	181,173,101	63,92,160
78,143,53	186,179,107	66,90,160
77,142,50	186,178,106	70,93,161
62,123,30	185,177,105	73,96,163
61,122,29	162,162,52	72,95,162
56,120,26	161,161,47	69,102,171
72,136,49	160,160,46	82,115,182
62,126,39	186,172,67	104,136,197
62,126,39	189,175,70	110,141,198
95,147,81	194,180,75	95,126,190
95,148,80	184,172,90	60,100,170
91,146,79	188,173,90	61,99,174
78,138,50	188,173,88	55,94,171
75,135,47	185,192,99	49,86,166
71,131,43	188,195,102	41,78,159
61,122,42	187,194,101	37,59,132
65,126,48	173,156,84	36,58,131
73,130,53	174,160,89	36,60,132
74,135,57	176,162,91	34,58,132
74,133,51	183,161,101	30,54,128
75,133,56	182,160,100	39,77,160
57,112,31	177,157,98	39,75,159
58,112,34	149,137,99	40,75,159
58,112,36	147,138,99	44,76,161
65,130,40	146,137,98	40,78,161
62,127,35	135,114,71	64,93,163
59,126,33	132,111,68	66,90,160
77,137,63	131,110,65	69,92,160
76,136,62	180,167,112	71,94,161
75,136,59	178,166,106	67,90,158
65,132,29	175,164,100	65,100,168
63,129,29	113,92,75	76,111,177
64,130,30	120,93,74	86,120,181
97,155,71	123,95,74	86,121,177
91,155,68	97,78,63	79,113,177
93,156,67	100,80,69	68,109,175
81,144,40	105,85,76	66,104,175
82,143,40	196,177,109	57,96,173
83,144,41	193,174,106	48,85,165
74,135,57	192,173,107	40,76,160
74,133,53	198,181,138	39,58,134
74,132,55	196,181,138	39,58,134
60,115,34	196,181,138	37,59,132
61,115,37	180,158,98	37,61,133
61,115,39	179,157,97	35,59,131
67,132,42	175,155,96	39,77,160
63,128,36	146,134,94	38,76,161
58,125,32	146,134,94	40,74,161
79,139,65	146,134,94	40,75,159
76,137,60	133,112,69	39,77,160
74,136,59	131,110,67	65,94,160
64,129,29	129,108,63	63,92,158
62,127,27	174,162,104	65,92,159
63,128,28	174,162,102	65,92,159
96,153,72	169,158,94	59,86,153
92,154,69	111,90,73	65,100,168
92,154,68	115,88,69	66,101,167
84,145,42	123,95,74	71,105,168
84,145,42	97,78,63	69,104,162
84,145,42	97,77,66	62,95,162
72,133,56	100,80,71	77,118,184
73,131,54	195,178,109	71,109,180
77,135,58	191,174,105	56,95,172
62,117,36	191,172,104	50,87,167
63,117,39	194,177,134	42,78,162
65,117,42	192,177,134	40,59,136
63,129,39	194,179,136	38,57,133
60,127,34	178,157,94	38,60,133
56,126,30	176,155,92	41,65,137
81,141,67	174,154,93	39,63,135
76,137,60	146,131,92	38,76,159
73,135,58	146,132,93	38,76,161
63,128,28	145,131,92	41,75,162
61,126,26	134,115,72	40,75,159
61,126,26	134,117,74	37,75,160
90,147,66	135,118,74	67,96,162
90,152,67	166,155,93	64,93,159
92,152,66	172,161,97	64,91,158
87,148,45	175,164,102	63,90,157
87,145,43	103,84,67	56,83,152
85,146,43	112,85,64	68,106,171
85,142,61	121,93,71	66,105,172
84,143,61	98,79,62	66,104,167
82,144,61	94,75,61	63,101,163
65,135,37	93,73,64	54,92,157
64,134,38	194,176,110	90,130,199
66,133,36	191,174,105	73,111,182
83,150,55	189,170,102	56,98,174
83,150,55	189,171,131	47,86,165
84,151,56	190,172,132	41,77,161
85,143,58	194,176,136	46,65,142
84,139,55	194,194,62	41,60,136
84,139,55	198,199,63	39,61,134
73,141,42	197,198,60	44,66,139
76,144,45	203,199,63	43,65,138
73,143,45	200,196,60	38,78,163
69,142,37	200,197,64	37,77,162
70,142,42	178,183,83	38,76,161
71,143,41	179,184,84	35,71,157
86,143,62	179,184,82	34,70,158
83,142,60	179,187,88	70,99,165
81,143,60	176,184,83	67,96,162
66,136,38	175,183,82	64,93,161
65,135,39	167,169,85	61,92,159
66,133,36	170,170,84	54,84,154
80,147,54	176,175,92	43,83,134
81,148,53	196,186,91	44,84,136
81,148,53	197,184,88	47,87,138
80,138,51	196,183,87	48,88,139
81,139,54	202,179,129	53,91,140
86,141,57	200,177,125	60,88,162
74,140,40	205,182,130	60,89,167
76,144,45	195,166,126	62,91,169
75,143,44	197,167,129	58,89,169
70,140,42	197,169,130	51,82,165
72,142,46	192,192,58	44,78,142
73,143,45	198,199,63	41,72,137
89,146,65	198,199,61	43,74,141
83,144,64	203,200,61	44,73,141
81,143,60	201,197,61	36,69,138
66,136,40	198,195,62	69,101,178
66,136,40	178,183,81	58,89,169
64,134,36	178,183,81	51,82,164
80,147,52	179,184,82	49,76,163
81,148,53	182,190,91	44,71,160
80,147,52	179,187,86	47,77,149
79,137,50	178,186,85	48,80,153
80,138,53	165,167,83	45,79,153
86,141,57	170,170,84	43,76,155
76,142,42	177,176,93	41,72,154
75,143,44	198,185,93	43,83,134
74,142,43	198,185,91	42,82,134
71,140,47	197,184,90	44,84,136
73,142,51	201,178,126	44,84,136
75,144,51	199,176,124	47,84,136
91,146,62	208,185,133	74,102,175
89,148,56	196,164,125	78,106,180
84,147,56	198,166,127	73,102,178
97,154,77	196,167,127	62,94,171
87,149,63	191,191,57	56,87,170
73,140,45	196,197,61	50,83,152
62,133,37	198,199,63	46,76,146
60,131,35	203,200,61	46,76,148
63,133,37	201,197,61	45,73,146
62,133,37	199,196,63	39,71,144
65,136,42	177,182,80	73,105,182
72,143,49	176,181,79	64,95,175
70,134,50	176,181,79	57,88,170
70,134,50	183,190,95	54,81,168
72,136,50	182,189,93	49,76,165
66,131,41	180,188,89	50,80,152
65,128,37	167,166,83	54,86,159
60,123,32	173,173,87	50,84,158
62,128,38	179,179,93	45,78,155
63,127,40	197,183,94	41,72,152
65,127,42	198,185,93	45,85,134
84,144,54	198,185,93	43,83,134
82,146,50	202,179,127	39,80,132
79,145,48	201,178,126	39,80,132
92,151,71	211,188,136	44,84,136
83,147,60	194,162,123	84,113,179
72,139,44	196,164,125	86,115,181
65,134,41	196,167,127	83,113,185
63,132,39	175,171,80	68,100,175
64,133,40	174,170,83	60,93,172
60,131,35	174,168,80	55,90,158
63,134,40	212,196,170	54,89,157
72,143,49	210,194,168	51,84,155
68,133,49	210,193,167	48,78,150
68,134,47	166,163,92	39,73,147
71,137,50	165,160,94	73,107,179
70,133,44	166,158,95	63,97,171
65,128,39	150,156,46	57,90,169
63,126,35	150,158,47	55,86,168
62,128,38	148,156,45	51,78,165
62,126,39	164,165,46	59,88,158
65,127,42	163,163,39	69,102,171
86,146,56	163,164,37	67,100,171
79,143,47	167,149,75	55,87,162
78,144,47	168,150,76	52,81,159
93,152,72	170,152,78	45,85,134
83,147,60	92,69,28	44,84,135
72,139,44	90,69,26	40,80,132
69,138,45	90,69,26	37,77,129
68,137,44	178,174,85	40,80,132
67,136,43	179,175,88	84,114,178
60,131,35	177,171,85	83,113,175
60,134,37	212,196,171	78,108,178
67,141,44	212,196,170	69,101,174
69,134,50	211,195,170	62,95,174
69,135,48	164,161,90	65,99,171
69,135,48	166,161,95	70,104,176
71,134,45	169,160,101	58,90,165
71,131,43	147,154,42	47,76,152
68,128,38	146,155,40	39,72,149
62,128,38	144,153,38	64,98,172
61,126,36	164,165,46	59,93,167
62,126,39	162,162,38	58,91,170
82,144,43	164,165,38	59,90,172
83,145,44	167,149,75	56,84,168
85,145,45	169,151,77	64,93,163
84,149,59	170,150,77	72,105,174
83,149,59	93,70,29	68,101,172
81,150,59	92,69,28	60,93,164
107,169,94	90,68,27	64,94,167
102,163,86	178,177,87	46,86,137
102,160,83	180,175,91	45,85,137
92,153,83	179,173,87	43,83,135
93,155,80	211,195,170	39,79,130
93,156,77	213,197,171	41,78,130
84,141,62	213,197,172	81,111,171
80,137,56	161,159,84	88,117,177
80,137,58	164,159,95	76,107,172
80,141,46	169,160,101	72,105,176
75,137,40	144,151,39	65,98,175
72,137,35	142,151,36	60,97,168
110,164,76	141,150,35	60,97,168
100,159,67	161,163,40	50,84,158
89,153,57	162,164,39	43,75,150
78,140,39	161,163,38	36,67,147
80,142,41	166,148,74	54,92,165
83,143,43	168,150,76	53,91,166
77,142,52	169,149,76	54,90,168
77,143,53	93,70,29	59,92,171
76,145,54	92,69,28	63,91,174
109,171,98	92,69,28	72,101,171
109,169,95	176,166,81	62,95,166
104,162,86	175,164,75	61,94,163
88,149,79	171,156,71	65,98,165
90,152,77	172,158,83	83,112,178
95,158,79	178,166,90	75,95,148
85,142,61	184,173,94	71,90,146
79,137,52	182,165,96	90,113,167
77,134,53	183,168,99	119,142,194
84,143,49	188,173,104	119,142,192
82,143,48	202,178,130	71,101,173
81,143,44	203,180,130	66,96,169
107,162,71	203,180,128	67,97,169
99,158,66	176,164,80	64,94,164
92,153,60	173,161,75	59,91,164
75,140,36	172,157,72	78,111,164
76,141,39	179,168,89	72,108,158
79,141,40	182,171,91	65,103,152
77,140,51	187,176,96	57,95,144
75,141,51	181,163,91	53,91,140
73,142,51	183,164,95	54,87,132
102,162,90	181,167,96	58,90,129
108,166,92	199,175,127	65,95,129
102,160,84	199,175,127	64,98,126
86,150,76	201,177,129	61,97,123
86,150,72	174,162,78	63,100,168
91,154,73	172,160,74	69,108,175
83,140,59	176,161,78	65,104,171
78,136,51	186,174,98	62,101,166
75,132,51	186,175,96	75,113,175
89,148,56	188,177,97	46,91,159
91,152,59	180,161,85	44,88,161
86,148,51	181,163,89	52,94,168
101,160,66	180,163,91	54,93,168
101,157,66	196,169,124	54,92,167
97,156,64	195,168,123	63,84,141
109,161,89	197,173,125	67,88,143
105,157,85	141,156,61	90,113,165
95,147,75	148,163,72	116,139,189
104,158,82	158,172,84	108,131,181
105,159,83	125,108,92	74,103,173
101,158,81	125,108,92	73,101,174
82,137,56	122,104,90	71,101,171
82,137,56	166,176,80	66,97,164
81,138,57	164,174,75	63,96,167
97,155,71	163,173,74	82,115,166
95,153,69	143,160,58	77,113,161
93,148,67	148,163,68	68,106,153
100,155,64	156,171,80	60,98,145
102,156,70	132,115,97	51,89,136
104,158,74	132,115,99	62,94,141
77,141,47	125,107,93	64,96,137
75,139,45	167,177,80	66,98,136
70,136,39	167,178,76	63,98,130
74,132,47	171,179,78	60,97,126
76,136,48	225,216,139	63,103,172
76,136,46	227,218,141	66,106,175
107,159,87	226,218,143	62,102,172
103,155,83	188,194,122	64,103,172
97,149,77	188,191,114	68,107,172
102,156,81	192,193,117	47,91,164
102,156,81	118,134,36	44,88,163
99,155,80	113,131,32	51,93,167
81,138,57	111,129,29	54,93,168
81,138,59	123,150,37	55,93,168
80,137,56	124,152,39	76,97,154
96,154,70	124,152,39	79,100,157
98,153,70	156,167,65	83,106,160
92,150,66	158,168,69	83,109,158
99,154,63	158,168,72	88,115,162
103,157,71	231,220,141	81,110,176
108,162,78	231,222,145	74,103,171
83,147,53	230,221,146	74,103,171
76,140,46	184,188,112	80,109,175
70,136,39	185,186,108	75,106,173
71,131,41	183,185,102	87,120,165
76,136,46	117,131,34	86,120,165
77,140,49	115,131,32	77,114,156
105,158,86	116,132,33	76,113,155
100,153,81	125,150,33	60,99,142
100,151,82	124,151,36	68,100,147
99,152,80	124,151,36	73,106,149
98,151,79	159,170,68	67,101,139
97,153,80	161,171,74	64,100,134
78,135,54	161,171,75	58,97,130
80,137,58	230,219,140	61,104,173
81,138,59	227,218,141	60,105,173
97,155,71	227,218,143	58,102,173
99,154,71	175,178,101	57,99,171
94,152,68	180,182,99	58,98,168
98,152,64	178,180,96	51,95,168
101,153,68	118,132,37	48,92,167
108,160,77	118,132,35	50,92,166
83,148,56	119,133,36	53,93,165
77,142,48	123,148,31	52,94,170
73,138,44	123,150,35	81,101,160
72,132,42	123,150,35	90,110,169
75,135,45	160,170,71	82,104,161
76,139,48	161,171,72	68,94,145
110,166,77	160,170,73	69,95,144
109,164,73	216,202,114	79,107,170
106,159,71	217,201,116	79,107,172
95,148,80	217,200,120	82,111,177
95,148,78	165,165,51	94,124,188
89,145,72	168,166,53	91,122,187
74,129,48	167,165,52	94,127,170
69,127,43	175,178,99	87,122,162
68,127,43	178,181,94	95,133,172
53,115,29	175,178,89	92,130,169
54,116,30	196,181,62	80,119,160
58,121,32	195,180,61	72,104,151
53,111,26	196,179,63	78,111,154
54,112,25	187,177,88	69,104,146
54,112,27	185,179,93	62,100,137
93,140,70	187,181,97	58,98,134
103,148,79	216,200,112	53,97,170
107,152,85	217,201,114	54,98,171
67,127,29	216,200,115	52,96,171
69,129,31	160,164,44	50,92,168
67,129,30	158,161,44	54,96,170
107,163,76	159,162,45	52,96,171
104,159,68	171,176,92	52,96,171
102,155,67	174,177,88	52,94,168
102,155,87	175,176,83	56,96,168
99,155,84	199,184,67	53,95,171
92,148,75	200,183,67	83,105,163
74,129,48	199,182,66	93,115,173
69,127,43	189,179,94	78,103,160
67,126,42	187,179,94	60,86,143
53,115,29	187,179,96	62,89,144
54,116,30	214,199,108	83,109,166
57,120,31	216,199,111	79,108,168
52,112,22	215,197,111	90,120,182
52,112,22	158,162,42	97,127,189
51,114,23	159,162,45	101,133,194
95,141,76	162,165,48	90,122,161
103,148,83	160,166,76	94,128,166
106,151,86	167,168,75	117,153,189
67,127,29	168,169,75	107,143,179
69,129,31	200,185,70	85,123,160
68,130,31	203,186,72	69,106,151
101,156,65	202,185,71	79,116,160
99,154,61	191,180,100	74,113,154
97,152,59	188,177,97	60,102,142
102,148,101	218,198,75	69,144,202
100,146,97	216,198,74	61,137,199
95,143,93	216,198,74	60,138,202
113,150,119	210,193,89	5,9,10
107,147,112	210,191,88	5,9,12
108,148,111	206,189,83	7,8,12
135,156,137	191,170,107	93,155,202
114,133,113	189,170,104	105,162,207
91,114,86	187,168,102	118,170,210
107,134,119	197,180,136	10,14,13
108,136,121	197,183,138	8,14,10
115,143,128	198,184,139	8,14,10
137,160,134	195,187,114	8,8,8
146,166,139	189,182,102	8,8,10
136,155,125	181,175,89	8,8,10
53,82,36	190,182,101	33,74,136
56,88,41	186,179,91	27,72,137
59,92,47	185,180,89	22,70,132
95,117,94	182,168,69	43,91,153
100,119,100	184,166,66	37,88,151
107,120,110	185,170,69	32,87,152
89,108,86	208,195,116	61,122,176
101,119,95	208,196,114	58,119,173
115,133,109	210,198,116	55,118,172
99,145,98	213,199,126	61,122,176
90,136,87	213,200,132	58,119,173
85,133,83	214,203,137	55,118,172
109,145,117	186,196,133	74,146,204
109,149,115	187,197,134	63,138,196
122,162,127	186,196,133	64,140,200
127,148,131	154,174,102	6,10,11
97,116,97	155,173,97	5,9,12
88,111,83	155,173,97	8,9,13
102,131,113	138,149,81	117,175,221
108,139,123	141,150,85	123,174,217
108,140,125	147,156,93	134,182,220
144,167,141	182,163,69	10,15,9
160,180,153	183,164,70	8,15,8
142,161,131	183,167,72	8,15,8
60,89,43	190,193,78	6,7,9
63,95,48	187,188,69	7,7,9
65,98,53	181,182,63	8,8,10
107,129,108	220,206,179	30,76,136
107,124,108	220,206,179	24,72,136
123,134,126	221,207,178	24,69,134
88,110,87	166,154,130	38,90,150
104,124,99	176,162,135	36,87,150
111,129,105	178,164,137	31,85,149
100,146,99	129,114,85	65,126,180
89,137,87	123,108,79	55,120,174
82,130,80	111,97,70	50,117,172
103,143,109	178,164,137	65,126,180
115,155,120	174,160,133	55,120,174
129,169,134	168,152,126	50,117,172
115,139,117	218,199,78	78,149,203
91,115,91	218,200,76	73,145,203
88,113,83	214,199,72	72,147,205
101,130,112	210,193,89	6,10,11
114,145,129	211,192,89	6,10,13
114,146,131	206,189,83	9,10,14
133,153,128	193,173,110	141,195,241
133,151,125	189,171,107	144,193,234
111,130,100	184,169,102	157,203,239
62,91,47	191,176,133	11,16,10
65,96,52	197,182,139	9,16,9
67,100,57	198,185,141	10,17,10
107,126,107	198,190,118	6,7,9
112,126,113	194,187,107	7,7,9
126,137,131	187,181,95	6,6,8
93,115,92	193,182,102	27,76,135
102,122,97	190,182,97	25,73,139
110,128,104	189,182,92	25,70,135
108,143,111	181,165,67	36,88,148
88,126,89	187,169,67	34,85,148
87,127,90	185,170,69	28,82,146
113,150,119	208,193,110	61,122,177
94,134,97	210,195,112	54,119,173
94,136,96	211,196,113	49,116,171
91,128,111	212,200,126	61,122,177
101,135,118	213,201,129	54,119,173
112,145,124	213,200,132	49,116,171
98,133,103	183,194,128	10,11,15
94,127,96	187,197,134	10,9,14
89,122,91	189,199,138	10,9,14
74,112,71	152,170,96	6,10,13
76,114,73	152,170,94	6,10,13
76,114,75	153,172,93	3,8,11
64,108,55	136,149,77	23,23,25
55,102,47	139,150,81	24,25,29
55,104,48	143,154,86	35,36,40
133,170,129	185,166,71	53,142,208
123,162,117	186,168,70	50,142,207
119,156,112	187,169,69	52,144,209
68,111,66	190,190,80	54,134,205
67,108,64	186,184,71	56,135,204
62,104,58	183,181,68	55,134,203
98,137,106	218,206,180	30,71,123
98,133,101	218,207,179	30,71,123
82,116,83	220,206,177	26,67,119
94,131,97	171,159,133	28,78,139
77,115,74	176,163,131	31,82,139
85,128,85	182,167,136	36,85,141
114,151,118	131,115,82	10,14,17
89,130,90	124,109,76	11,12,16
95,138,95	114,99,68	10,11,15
79,113,96	182,167,136	7,11,14
92,125,108	178,163,134	7,11,14
113,144,126	174,158,132	4,9,12
98,133,103	219,200,80	24,24,26
94,127,96	218,199,78	24,25,29
89,122,91	213,198,73	43,47,50
81,119,78	211,193,91	50,139,205
85,123,82	209,190,87	52,141,207
73,111,72	204,187,81	52,141,207
61,106,51	195,175,116	49,133,203
55,102,47	191,172,113	52,132,201
54,103,47	187,171,109	49,132,200
133,170,129	187,172,131	31,71,122
126,165,121	193,178,137	30,70,119
127,166,122	196,183,141	25,65,116
73,116,71	199,191,119	28,77,136
68,109,65	194,186,111	29,78,136
66,108,62	188,181,100	35,82,136
102,139,108	190,179,99	11,15,18
93,128,96	190,182,97	11,12,16
89,122,91	189,182,94	9,10,14
79,117,80	180,164,66	7,11,14
67,105,64	185,167,67	6,10,13
84,127,82	187,171,73	4,9,12
110,147,113	208,193,110	24,24,26
85,126,84	209,194,111	25,26,30
92,135,90	210,195,112	38,42,45
76,111,91	212,200,126	47,136,202
89,122,103	213,201,129	51,140,206
134,165,147	211,198,128	53,140,207
100,135,105	180,191,125	49,133,205
96,129,100	185,195,132	50,133,203
91,124,93	190,200,139	48,131,201
68,105,62	156,174,100	28,68,119
73,110,67	154,172,96	26,66,115
71,108,67	152,171,92	23,63,114
57,100,44	137,150,78	25,74,133
52,97,40	140,151,82	28,74,133
46,93,38	140,151,83	33,78,133
128,164,126	187,167,68	89,151,210
129,168,124	188,169,67	80,142,201
140,179,135	188,170,68	70,135,193
77,119,73	184,181,74	34,91,146
74,113,68	184,182,71	30,89,145
72,114,66	184,182,73	27,86,142
94,130,102	216,204,178	24,85,140
82,117,87	215,204,176	25,85,137
80,113,82	217,203,174	27,87,139
133,166,121	179,163,137	69,131,180
137,170,127	181,166,135	68,130,181
121,159,110	186,171,140	63,124,178
86,121,97	131,115,82	56,130,191
80,116,90	125,109,76	52,131,190
97,129,105	119,104,73	49,129,188
96,132,86	186,171,140	10,10,12
83,120,69	189,174,145	10,10,10
73,107,56	182,166,140	9,9,9
103,134,93	199,199,145	5,7,6
99,130,86	199,197,146	5,7,6
99,132,87	199,196,145	7,5,6
105,136,105	182,187,84	2,6,5
94,123,93	184,189,87	1,5,6
92,121,90	194,196,99	3,4,6
63,97,64	190,182,75	27,39,51
57,91,54	190,179,74	28,41,50
50,85,45	189,177,77	29,39,49
70,101,67	207,193,148	15,23,25
76,108,71	205,189,140	12,22,23
67,99,60	201,183,133	11,22,24
151,182,141	176,155,92	16,27,29
157,189,148	175,153,93	14,25,29
142,180,133	174,154,93	13,24,30
72,108,82	183,165,67	83,149,207
73,109,83	186,168,68	74,138,199
107,141,117	188,170,68	64,130,190
89,125,79	196,177,74	35,92,147
80,114,64	195,176,73	31,90,146
74,108,57	194,175,72	30,89,145
107,138,97	174,177,90	32,95,149
105,138,95	174,178,93	34,97,150
106,139,96	173,178,94	39,102,155
105,136,105	196,195,139	75,139,187
98,124,95	199,196,141	70,132,183
95,122,91	199,196,141	66,127,181
69,100,68	181,187,81	56,131,189
60,91,57	186,189,86	53,132,189
43,78,38	193,195,94	51,132,188
82,113,79	189,181,72	10,10,10
75,107,70	191,178,73	10,10,10
56,88,49	190,179,74	9,9,9
149,184,142	208,191,147	5,7,6
152,189,146	205,189,140	5,7,6
144,187,134	200,182,132	7,5,6
76,112,86	177,158,100	1,5,4
63,97,72	176,157,99	1,5,4
89,123,99	174,155,96	3,4,6
86,122,74	189,171,73	30,42,54
77,114,62	190,172,72	30,43,52
75,112,60	189,172,68	31,41,51
109,139,101	194,175,73	14,24,25
114,146,105	194,175,73	11,23,23
115,147,108	193,174,71	8,22,22
108,138,110	177,180,91	16,27,29
98,129,98	176,180,93	14,25,29
98,129,97	175,181,95	13,24,30
77,107,73	194,194,134	74,142,203
63,93,59	197,195,138	72,138,198
46,78,39	200,195,139	63,129,189
100,129,98	183,185,78	36,92,149
72,102,66	185,186,82	34,94,148
47,79,38	191,191,91	33,90,143
85,137,75	188,180,69	35,100,156
84,135,76	192,180,72	38,101,155
90,139,83	191,180,75	43,105,162
86,118,81	206,189,145	79,145,195
80,112,75	202,185,139	69,135,185
83,117,80	197,179,131	68,128,178
110,130,102	179,159,106	52,127,185
120,143,114	178,158,105	56,132,190
128,155,124	176,157,101	61,137,195
114,154,119	195,177,79	8,8,8
118,160,122	195,177,77	8,8,8
115,157,117	189,172,68	8,8,8
106,146,109	194,175,73	3,7,6
103,144,102	194,175,73	3,7,6
99,141,95	193,174,72	6,6,6
60,100,50	177,180,91	1,5,4
58,101,47	177,181,94	2,6,5
59,104,45	176,182,96	3,4,6
55,92,48	149,143,121	31,43,55
59,94,52	153,147,125	31,44,53
65,100,60	160,153,134	30,43,52
86,121,89	220,210,183	15,25,26
81,117,79	216,206,181	11,23,23
86,123,82	215,204,182	8,22,22
85,134,79	146,147,133	18,29,31
91,139,89	145,146,132	15,26,30
94,137,92	142,143,127	13,24,30
47,98,29	220,188,150	25,69,118
48,99,32	221,189,150	21,68,114
45,96,29	223,191,152	23,67,114
127,156,126	222,204,168	5,7,6
130,159,128	222,206,170	6,8,7
133,162,131	225,209,173	8,10,9
85,135,76	222,209,175	6,8,7
86,136,77	224,211,177	5,9,8
99,146,91	224,211,177	7,7,5
81,112,80	219,212,184	10,21,25
86,117,83	218,211,183	12,23,25
91,125,90	220,213,185	13,23,25
110,130,102	214,205,148	5,5,5
119,142,114	217,208,151	5,5,5
122,148,119	218,209,152	5,7,6
116,156,121	210,196,107	4,6,5
125,165,130	209,195,107	5,7,6
120,162,124	209,197,113	6,6,4
92,135,90	191,191,131	7,7,7
87,130,84	186,188,123	7,7,9
90,134,85	184,187,120	7,9,8
60,100,48	150,144,118	25,71,120
63,106,52	153,147,123	23,69,118
71,116,59	159,153,129	24,72,120
63,100,59	218,206,180	6,8,7
63,98,58	218,206,180	7,9,8
65,100,60	206,196,169	10,10,8
91,128,95	143,146,127	6,8,7
92,128,92	145,148,129	7,9,6
97,135,94	146,147,129	8,8,6
88,137,82	223,191,153	8,19,23
93,141,91	222,190,151	10,21,23
99,142,97	221,189,151	13,23,25
47,100,30	222,206,170	5,5,5
46,99,29	224,208,174	4,6,3
47,100,32	223,207,173	5,7,4
138,167,137	224,211,177	5,7,6
141,172,140	226,213,181	5,7,6
125,154,123	225,212,180	6,6,4
75,125,66	215,210,181	7,7,7
78,128,69	217,210,182	7,7,9
93,140,85	220,213,185	6,8,7
79,114,81	219,208,152	26,72,121
81,116,83	222,211,155	26,72,121
80,116,80	222,211,157	28,76,124
117,142,113	212,198,110	6,8,7
119,145,116	209,198,109	6,8,7
119,145,116	211,199,115	9,9,7
122,159,128	189,190,132	6,8,7
131,171,137	188,190,127	6,8,5
125,165,130	189,189,125	8,8,6
84,128,79	152,145,119	8,19,25
85,128,82	155,148,122	10,24,27
88,132,83	161,153,130	9,23,24
72,112,60	221,207,181	4,4,4
74,117,63	207,195,169	4,6,3
80,125,70	193,182,154	5,7,4
72,107,67	143,146,127	4,6,5
64,98,61	146,149,130	5,7,6
64,98,61	148,149,131	5,7,4
106,143,109	228,195,162	6,6,6
107,143,107	224,191,156	5,7,6
110,148,109	221,188,153	5,7,6
90,141,82	223,207,171	76,146,198
96,144,92	223,207,173	78,148,199
117,160,115	220,204,170	80,148,197
46,99,31	229,216,184	7,8,12
52,105,37	227,214,182	8,9,13
57,108,42	225,212,180	9,10,14
136,165,135	214,209,180	50,106,155
127,158,127	216,209,181	54,110,159
113,142,111	221,214,186	51,107,156
86,129,86	221,210,156	43,130,197
72,118,71	222,210,158	35,127,194
61,107,58	225,213,163	30,122,189
78,143,43	219,204,119	64,149,213
80,144,47	216,204,120	59,147,211
75,139,42	213,200,121	56,145,211
76,143,38	192,193,135	47,115,178
75,142,37	192,193,133	45,110,174
77,143,35	193,193,131	43,108,174
97,135,98	176,153,121	32,97,151
100,140,103	175,152,120	33,94,149
97,137,102	176,153,121	33,92,148
91,114,94	195,172,140	32,97,151
97,120,100	185,162,130	33,94,149
94,119,98	177,154,122	33,92,148
91,128,97	185,196,117	32,97,151
84,124,90	185,194,111	33,94,149
82,119,86	184,194,107	33,92,148
75,115,81	193,178,85	4,8,11
79,119,84	195,180,89	5,9,10
83,123,88	198,183,90	7,11,12
71,108,64	99,88,70	7,7,7
70,107,63	103,91,75	8,10,9
80,115,73	110,99,81	9,9,7
99,141,93	205,191,154	11,17,15
103,144,100	210,194,158	12,18,14
112,153,111	213,197,161	14,18,17
95,138,92	164,139,75	6,7,9
101,147,98	164,139,73	6,6,6
106,155,100	165,140,73	7,7,7
62,108,62	171,172,45	74,144,195
58,104,55	170,169,42	88,156,205
56,105,50	166,167,40	82,150,197
81,146,46	185,161,127	6,7,11
82,146,49	184,160,126	7,8,12
77,141,44	183,159,125	8,9,13
74,143,36	206,183,151	51,109,159
73,141,32	195,170,139	53,109,160
75,141,31	186,162,128	50,108,158
101,138,104	179,192,112	43,130,197
103,140,106	184,193,112	33,125,192
103,140,106	184,194,108	29,120,190
94,119,98	198,183,88	64,149,214
90,115,94	198,183,88	55,144,210
86,111,89	200,185,90	50,144,208
86,123,92	103,92,72	45,111,172
83,123,89	108,97,77	45,110,176
78,118,83	112,100,78	43,108,174
74,116,80	211,197,162	34,97,150
73,115,77	215,201,166	33,94,148
75,115,78	218,204,169	33,93,147
66,104,57	166,140,79	34,97,150
66,104,57	167,142,76	33,94,148
76,113,69	167,142,75	33,93,147
102,143,99	175,176,49	34,97,150
103,144,102	172,171,45	33,94,148
112,153,111	168,167,41	33,93,147
98,144,95	182,158,124	8,9,11
107,154,102	180,156,122	9,11,10
111,158,106	179,155,121	11,12,14
56,102,53	209,186,154	9,9,11
55,102,50	200,175,144	8,8,8
55,104,49	194,170,136	8,8,8
79,143,46	178,191,112	13,17,16
83,144,49	183,192,111	14,18,17
81,142,47	182,192,106	14,18,17
74,143,36	200,185,90	5,7,6
72,140,31	199,184,89	5,5,5
72,138,28	202,187,92	7,7,7
107,144,110	112,99,80	70,140,192
103,140,106	112,99,80	81,149,198
101,138,104	116,104,82	79,147,196
99,124,103	216,202,167	5,8,13
90,115,94	220,206,171	5,9,12
80,105,83	220,206,171	6,10,13
82,119,88	166,140,79	45,103,153
81,121,87	167,142,76	48,104,155
80,120,85	165,140,73	47,105,155
73,115,79	178,178,56	45,130,195
71,113,75	175,174,48	35,124,192
67,107,70	170,169,43	29,117,188
64,102,55	202,188,79	65,150,215
63,101,54	200,187,85	56,145,211
68,105,61	202,188,89	47,140,207
103,146,101	205,191,84	37,103,164
110,151,109	208,196,96	40,105,171
119,157,118	212,200,102	40,105,173
95,141,92	204,190,83	33,94,148
100,146,97	209,197,97	33,93,147
102,148,99	215,202,106	35,92,147
